DATE,TIME,ASN,PREFIX,FREQ
20201001,0200,AS45232,43.242.36.0/24,114
20201001,0800,AS45232,43.242.36.0/24,114
20201001,1400,AS45232,43.242.36.0/24,114
20201001,2000,AS45232,43.242.36.0/24,114
20201002,0200,AS45232,43.242.36.0/24,113
20201002,0800,AS45232,43.242.36.0/24,113
20201002,1400,AS45232,43.242.36.0/24,113
20201002,2000,AS45232,43.242.36.0/24,111
20201003,0200,AS45232,43.242.36.0/24,112
20201003,0800,AS45232,43.242.36.0/24,112
20201003,1400,AS45232,43.242.36.0/24,112
20201003,2000,AS45232,43.242.36.0/24,112
20201004,0200,AS45232,43.242.36.0/24,111
20201004,0800,AS45232,43.242.36.0/24,111
20201004,1400,AS45232,43.242.36.0/24,111
20201004,2000,AS45232,43.242.36.0/24,112
20201005,0200,AS45232,43.242.36.0/24,112
20201005,0800,AS45232,43.242.36.0/24,112
20201005,1400,AS45232,43.242.36.0/24,112
20201005,2000,AS45232,43.242.36.0/24,112
20201006,0200,AS45232,43.242.36.0/24,112
20201006,0800,AS45232,43.242.36.0/24,111
20201006,1400,AS45232,43.242.36.0/24,115
20201006,2000,AS45232,43.242.36.0/24,116
20201007,0200,AS45232,43.242.36.0/24,116
20201007,0800,AS45232,43.242.36.0/24,116
20201007,1400,AS45232,43.242.36.0/24,116
20201007,2000,AS45232,43.242.36.0/24,116
20201008,0200,AS45232,43.242.36.0/24,116
20201008,0800,AS45232,43.242.36.0/24,116
20201008,1400,AS45232,43.242.36.0/24,115
20201008,2000,AS45232,43.242.36.0/24,115
20201009,0200,AS45232,43.242.36.0/24,115
20201009,0800,AS45232,43.242.36.0/24,115
20201009,1400,AS45232,43.242.36.0/24,114
20201009,2000,AS45232,43.242.36.0/24,114
20201010,0200,AS45232,43.242.36.0/24,114
20201010,0800,AS45232,43.242.36.0/24,114
20201010,1400,AS45232,43.242.36.0/24,114
20201010,2000,AS45232,43.242.36.0/24,114
20201011,0200,AS45232,43.242.36.0/24,115
20201011,0800,AS45232,43.242.36.0/24,117
20201011,1400,AS45232,43.242.36.0/24,117
20201011,2000,AS45232,43.242.36.0/24,117
20201012,0200,AS45232,43.242.36.0/24,117
20201012,0800,AS45232,43.242.36.0/24,117
20201012,1400,AS45232,43.242.36.0/24,117
20201012,2000,AS45232,43.242.36.0/24,115
20201013,0200,AS45232,43.242.36.0/24,117
20201013,0800,AS45232,43.242.36.0/24,117
20201013,1400,AS45232,43.242.36.0/24,117
20201013,2000,AS45232,43.242.36.0/24,117
20201014,0200,AS45232,43.242.36.0/24,117
20201014,0800,AS45232,43.242.36.0/24,117
20201014,1400,AS45232,43.242.36.0/24,116
20201014,2000,AS45232,43.242.36.0/24,116
20201015,0200,AS45232,43.242.36.0/24,116
20201015,0800,AS45232,43.242.36.0/24,116
20201015,1400,AS45232,43.242.36.0/24,116
20201015,2000,AS45232,43.242.36.0/24,116
20201016,0200,AS45232,43.242.36.0/24,116
20201016,0800,AS45232,43.242.36.0/24,116
20201016,1400,AS45232,43.242.36.0/24,115
20201016,2000,AS45232,43.242.36.0/24,116
20201017,0200,AS45232,43.242.36.0/24,116
20201017,0800,AS45232,43.242.36.0/24,116
20201017,1400,AS45232,43.242.36.0/24,116
20201017,2000,AS45232,43.242.36.0/24,116
20201018,0200,AS45232,43.242.36.0/24,116
20201018,0800,AS45232,43.242.36.0/24,116
20201018,1400,AS45232,43.242.36.0/24,116
20201018,2000,AS45232,43.242.36.0/24,116
20201019,0200,AS45232,43.242.36.0/24,116
20201019,0800,AS45232,43.242.36.0/24,116
20201019,1400,AS45232,43.242.36.0/24,116
20201019,2000,AS45232,43.242.36.0/24,116
20201020,0200,AS45232,43.242.36.0/24,116
20201020,0800,AS45232,43.242.36.0/24,113
20201020,1400,AS45232,43.242.36.0/24,116
20201020,2000,AS45232,43.242.36.0/24,116
20201021,0200,AS45232,43.242.36.0/24,115
20201021,0800,AS45232,43.242.36.0/24,116
20201021,1400,AS45232,43.242.36.0/24,115
20201021,2000,AS45232,43.242.36.0/24,116
20201022,0200,AS45232,43.242.36.0/24,116
20201022,0800,AS45232,43.242.36.0/24,116
20201022,1400,AS45232,43.242.36.0/24,118
20201022,2000,AS45232,43.242.36.0/24,118
20201023,0200,AS45232,43.242.36.0/24,118
20201023,0800,AS45232,43.242.36.0/24,118
20201023,1400,AS45232,43.242.36.0/24,118
20201023,2000,AS45232,43.242.36.0/24,123
20201024,0200,AS45232,43.242.36.0/24,123
20201024,0800,AS45232,43.242.36.0/24,123
20201024,1400,AS45232,43.242.36.0/24,123
20201024,2000,AS45232,43.242.36.0/24,123
20201025,0200,AS45232,43.242.36.0/24,123
20201025,0800,AS45232,43.242.36.0/24,123
20201025,1400,AS45232,43.242.36.0/24,123
20201025,2000,AS45232,43.242.36.0/24,123
20201026,0200,AS45232,43.242.36.0/24,124
20201026,0800,AS45232,43.242.36.0/24,124
20201026,1400,AS45232,43.242.36.0/24,124
20201026,2000,AS45232,43.242.36.0/24,124
20201027,0200,AS45232,43.242.36.0/24,124
20201027,0800,AS45232,43.242.36.0/24,123
20201027,1400,AS45232,43.242.36.0/24,122
20201027,2000,AS45232,43.242.36.0/24,123
20201028,0200,AS45232,43.242.36.0/24,123
20201028,0800,AS45232,43.242.36.0/24,123
20201028,1400,AS45232,43.242.36.0/24,122
20201028,2000,AS45232,43.242.36.0/24,123
20201029,0200,AS45232,43.242.36.0/24,123
20201029,0800,AS45232,43.242.36.0/24,123
20201029,1400,AS45232,43.242.36.0/24,123
20201029,2000,AS45232,43.242.36.0/24,123
20201030,0200,AS45232,43.242.36.0/24,123
20201030,0800,AS45232,43.242.36.0/24,123
20201030,1400,AS45232,43.242.36.0/24,123
20201030,2000,AS45232,43.242.36.0/24,123
0,0,0,0,0
20201001,0200,AS45232,43.242.37.0/24,114
20201001,0800,AS45232,43.242.37.0/24,114
20201001,1400,AS45232,43.242.37.0/24,114
20201001,2000,AS45232,43.242.37.0/24,114
20201002,0200,AS45232,43.242.37.0/24,113
20201002,0800,AS45232,43.242.37.0/24,113
20201002,1400,AS45232,43.242.37.0/24,113
20201002,2000,AS45232,43.242.37.0/24,111
20201003,0200,AS45232,43.242.37.0/24,112
20201003,0800,AS45232,43.242.37.0/24,112
20201003,1400,AS45232,43.242.37.0/24,112
20201003,2000,AS45232,43.242.37.0/24,112
20201004,0200,AS45232,43.242.37.0/24,111
20201004,0800,AS45232,43.242.37.0/24,111
20201004,1400,AS45232,43.242.37.0/24,111
20201004,2000,AS45232,43.242.37.0/24,112
20201005,0200,AS45232,43.242.37.0/24,112
20201005,0800,AS45232,43.242.37.0/24,112
20201005,1400,AS45232,43.242.37.0/24,112
20201005,2000,AS45232,43.242.37.0/24,112
20201006,0200,AS45232,43.242.37.0/24,112
20201006,0800,AS45232,43.242.37.0/24,111
20201006,1400,AS45232,43.242.37.0/24,115
20201006,2000,AS45232,43.242.37.0/24,116
20201007,0200,AS45232,43.242.37.0/24,116
20201007,0800,AS45232,43.242.37.0/24,116
20201007,1400,AS45232,43.242.37.0/24,116
20201007,2000,AS45232,43.242.37.0/24,116
20201008,0200,AS45232,43.242.37.0/24,116
20201008,0800,AS45232,43.242.37.0/24,116
20201008,1400,AS45232,43.242.37.0/24,115
20201008,2000,AS45232,43.242.37.0/24,115
20201009,0200,AS45232,43.242.37.0/24,115
20201009,0800,AS45232,43.242.37.0/24,115
20201009,1400,AS45232,43.242.37.0/24,114
20201009,2000,AS45232,43.242.37.0/24,114
20201010,0200,AS45232,43.242.37.0/24,114
20201010,0800,AS45232,43.242.37.0/24,114
20201010,1400,AS45232,43.242.37.0/24,114
20201010,2000,AS45232,43.242.37.0/24,114
20201011,0200,AS45232,43.242.37.0/24,115
20201011,0800,AS45232,43.242.37.0/24,117
20201011,1400,AS45232,43.242.37.0/24,117
20201011,2000,AS45232,43.242.37.0/24,117
20201012,0200,AS45232,43.242.37.0/24,117
20201012,0800,AS45232,43.242.37.0/24,117
20201012,1400,AS45232,43.242.37.0/24,117
20201012,2000,AS45232,43.242.37.0/24,115
20201013,0200,AS45232,43.242.37.0/24,117
20201013,0800,AS45232,43.242.37.0/24,117
20201013,1400,AS45232,43.242.37.0/24,117
20201013,2000,AS45232,43.242.37.0/24,117
20201014,0200,AS45232,43.242.37.0/24,117
20201014,0800,AS45232,43.242.37.0/24,117
20201014,1400,AS45232,43.242.37.0/24,116
20201014,2000,AS45232,43.242.37.0/24,116
20201015,0200,AS45232,43.242.37.0/24,116
20201015,0800,AS45232,43.242.37.0/24,116
20201015,1400,AS45232,43.242.37.0/24,116
20201015,2000,AS45232,43.242.37.0/24,116
20201016,0200,AS45232,43.242.37.0/24,116
20201016,0800,AS45232,43.242.37.0/24,116
20201016,1400,AS45232,43.242.37.0/24,115
20201016,2000,AS45232,43.242.37.0/24,116
20201017,0200,AS45232,43.242.37.0/24,116
20201017,0800,AS45232,43.242.37.0/24,116
20201017,1400,AS45232,43.242.37.0/24,116
20201017,2000,AS45232,43.242.37.0/24,116
20201018,0200,AS45232,43.242.37.0/24,116
20201018,0800,AS45232,43.242.37.0/24,116
20201018,1400,AS45232,43.242.37.0/24,116
20201018,2000,AS45232,43.242.37.0/24,116
20201019,0200,AS45232,43.242.37.0/24,116
20201019,0800,AS45232,43.242.37.0/24,116
20201019,1400,AS45232,43.242.37.0/24,116
20201019,2000,AS45232,43.242.37.0/24,116
20201020,0200,AS45232,43.242.37.0/24,116
20201020,0800,AS45232,43.242.37.0/24,111
20201020,1400,AS45232,43.242.37.0/24,116
20201020,2000,AS45232,43.242.37.0/24,116
20201021,0200,AS45232,43.242.37.0/24,115
20201021,0800,AS45232,43.242.37.0/24,116
20201021,1400,AS45232,43.242.37.0/24,115
20201021,2000,AS45232,43.242.37.0/24,116
20201022,0200,AS45232,43.242.37.0/24,116
20201022,0800,AS45232,43.242.37.0/24,116
20201022,1400,AS45232,43.242.37.0/24,118
20201022,2000,AS45232,43.242.37.0/24,118
20201023,0200,AS45232,43.242.37.0/24,118
20201023,0800,AS45232,43.242.37.0/24,118
20201023,1400,AS45232,43.242.37.0/24,118
20201023,2000,AS45232,43.242.37.0/24,123
20201024,0200,AS45232,43.242.37.0/24,123
20201024,0800,AS45232,43.242.37.0/24,123
20201024,1400,AS45232,43.242.37.0/24,123
20201024,2000,AS45232,43.242.37.0/24,123
20201025,0200,AS45232,43.242.37.0/24,123
20201025,0800,AS45232,43.242.37.0/24,123
20201025,1400,AS45232,43.242.37.0/24,123
20201025,2000,AS45232,43.242.37.0/24,123
20201026,0200,AS45232,43.242.37.0/24,124
20201026,0800,AS45232,43.242.37.0/24,124
20201026,1400,AS45232,43.242.37.0/24,124
20201026,2000,AS45232,43.242.37.0/24,124
20201027,0200,AS45232,43.242.37.0/24,124
20201027,0800,AS45232,43.242.37.0/24,123
20201027,1400,AS45232,43.242.37.0/24,122
20201027,2000,AS45232,43.242.37.0/24,123
20201028,0200,AS45232,43.242.37.0/24,123
20201028,0800,AS45232,43.242.37.0/24,123
20201028,1400,AS45232,43.242.37.0/24,122
20201028,2000,AS45232,43.242.37.0/24,123
20201029,0200,AS45232,43.242.37.0/24,123
20201029,0800,AS45232,43.242.37.0/24,123
20201029,1400,AS45232,43.242.37.0/24,123
20201029,2000,AS45232,43.242.37.0/24,123
20201030,0200,AS45232,43.242.37.0/24,123
20201030,0800,AS45232,43.242.37.0/24,123
20201030,1400,AS45232,43.242.37.0/24,123
20201030,2000,AS45232,43.242.37.0/24,123
0,0,0,0,0
20201001,0200,AS45232,43.242.38.0/24,114
20201001,0800,AS45232,43.242.38.0/24,114
20201001,1400,AS45232,43.242.38.0/24,114
20201001,2000,AS45232,43.242.38.0/24,114
20201002,0200,AS45232,43.242.38.0/24,113
20201002,0800,AS45232,43.242.38.0/24,113
20201002,1400,AS45232,43.242.38.0/24,113
20201002,2000,AS45232,43.242.38.0/24,111
20201003,0200,AS45232,43.242.38.0/24,112
20201003,0800,AS45232,43.242.38.0/24,112
20201003,1400,AS45232,43.242.38.0/24,112
20201003,2000,AS45232,43.242.38.0/24,112
20201004,0200,AS45232,43.242.38.0/24,111
20201004,0800,AS45232,43.242.38.0/24,111
20201004,1400,AS45232,43.242.38.0/24,111
20201004,2000,AS45232,43.242.38.0/24,112
20201005,0200,AS45232,43.242.38.0/24,112
20201005,0800,AS45232,43.242.38.0/24,112
20201005,1400,AS45232,43.242.38.0/24,112
20201005,2000,AS45232,43.242.38.0/24,112
20201006,0200,AS45232,43.242.38.0/24,112
20201006,0800,AS45232,43.242.38.0/24,111
20201006,1400,AS45232,43.242.38.0/24,115
20201006,2000,AS45232,43.242.38.0/24,116
20201007,0200,AS45232,43.242.38.0/24,116
20201007,0800,AS45232,43.242.38.0/24,116
20201007,1400,AS45232,43.242.38.0/24,116
20201007,2000,AS45232,43.242.38.0/24,116
20201008,0200,AS45232,43.242.38.0/24,116
20201008,0800,AS45232,43.242.38.0/24,116
20201008,1400,AS45232,43.242.38.0/24,115
20201008,2000,AS45232,43.242.38.0/24,115
20201009,0200,AS45232,43.242.38.0/24,115
20201009,0800,AS45232,43.242.38.0/24,115
20201009,1400,AS45232,43.242.38.0/24,114
20201009,2000,AS45232,43.242.38.0/24,114
20201010,0200,AS45232,43.242.38.0/24,114
20201010,0800,AS45232,43.242.38.0/24,114
20201010,1400,AS45232,43.242.38.0/24,114
20201010,2000,AS45232,43.242.38.0/24,114
20201011,0200,AS45232,43.242.38.0/24,115
20201011,0800,AS45232,43.242.38.0/24,117
20201011,1400,AS45232,43.242.38.0/24,117
20201011,2000,AS45232,43.242.38.0/24,117
20201012,0200,AS45232,43.242.38.0/24,117
20201012,0800,AS45232,43.242.38.0/24,117
20201012,1400,AS45232,43.242.38.0/24,117
20201012,2000,AS45232,43.242.38.0/24,115
20201013,0200,AS45232,43.242.38.0/24,117
20201013,0800,AS45232,43.242.38.0/24,117
20201013,1400,AS45232,43.242.38.0/24,117
20201013,2000,AS45232,43.242.38.0/24,117
20201014,0200,AS45232,43.242.38.0/24,117
20201014,0800,AS45232,43.242.38.0/24,117
20201014,1400,AS45232,43.242.38.0/24,116
20201014,2000,AS45232,43.242.38.0/24,116
20201015,0200,AS45232,43.242.38.0/24,116
20201015,0800,AS45232,43.242.38.0/24,116
20201015,1400,AS45232,43.242.38.0/24,116
20201015,2000,AS45232,43.242.38.0/24,116
20201016,0200,AS45232,43.242.38.0/24,116
20201016,0800,AS45232,43.242.38.0/24,116
20201016,1400,AS45232,43.242.38.0/24,115
20201016,2000,AS45232,43.242.38.0/24,116
20201017,0200,AS45232,43.242.38.0/24,116
20201017,0800,AS45232,43.242.38.0/24,116
20201017,1400,AS45232,43.242.38.0/24,116
20201017,2000,AS45232,43.242.38.0/24,116
20201018,0200,AS45232,43.242.38.0/24,116
20201018,0800,AS45232,43.242.38.0/24,116
20201018,1400,AS45232,43.242.38.0/24,116
20201018,2000,AS45232,43.242.38.0/24,116
20201019,0200,AS45232,43.242.38.0/24,116
20201019,0800,AS45232,43.242.38.0/24,116
20201019,1400,AS45232,43.242.38.0/24,116
20201019,2000,AS45232,43.242.38.0/24,116
20201020,0200,AS45232,43.242.38.0/24,116
20201020,0800,AS45232,43.242.38.0/24,111
20201020,1400,AS45232,43.242.38.0/24,116
20201020,2000,AS45232,43.242.38.0/24,116
20201021,0200,AS45232,43.242.38.0/24,115
20201021,0800,AS45232,43.242.38.0/24,116
20201021,1400,AS45232,43.242.38.0/24,115
20201021,2000,AS45232,43.242.38.0/24,116
20201022,0200,AS45232,43.242.38.0/24,116
20201022,0800,AS45232,43.242.38.0/24,116
20201022,1400,AS45232,43.242.38.0/24,118
20201022,2000,AS45232,43.242.38.0/24,118
20201023,0200,AS45232,43.242.38.0/24,118
20201023,0800,AS45232,43.242.38.0/24,118
20201023,1400,AS45232,43.242.38.0/24,118
20201023,2000,AS45232,43.242.38.0/24,123
20201024,0200,AS45232,43.242.38.0/24,123
20201024,0800,AS45232,43.242.38.0/24,123
20201024,1400,AS45232,43.242.38.0/24,123
20201024,2000,AS45232,43.242.38.0/24,123
20201025,0200,AS45232,43.242.38.0/24,123
20201025,0800,AS45232,43.242.38.0/24,123
20201025,1400,AS45232,43.242.38.0/24,123
20201025,2000,AS45232,43.242.38.0/24,123
20201026,0200,AS45232,43.242.38.0/24,124
20201026,0800,AS45232,43.242.38.0/24,124
20201026,1400,AS45232,43.242.38.0/24,124
20201026,2000,AS45232,43.242.38.0/24,124
20201027,0200,AS45232,43.242.38.0/24,124
20201027,0800,AS45232,43.242.38.0/24,123
20201027,1400,AS45232,43.242.38.0/24,122
20201027,2000,AS45232,43.242.38.0/24,123
20201028,0200,AS45232,43.242.38.0/24,123
20201028,0800,AS45232,43.242.38.0/24,123
20201028,1400,AS45232,43.242.38.0/24,122
20201028,2000,AS45232,43.242.38.0/24,123
20201029,0200,AS45232,43.242.38.0/24,123
20201029,0800,AS45232,43.242.38.0/24,123
20201029,1400,AS45232,43.242.38.0/24,123
20201029,2000,AS45232,43.242.38.0/24,123
20201030,0200,AS45232,43.242.38.0/24,123
20201030,0800,AS45232,43.242.38.0/24,123
20201030,1400,AS45232,43.242.38.0/24,123
20201030,2000,AS45232,43.242.38.0/24,123
0,0,0,0,0
20201001,0200,AS45232,43.242.39.0/24,114
20201001,0800,AS45232,43.242.39.0/24,114
20201001,1400,AS45232,43.242.39.0/24,114
20201001,2000,AS45232,43.242.39.0/24,114
20201002,0200,AS45232,43.242.39.0/24,113
20201002,0800,AS45232,43.242.39.0/24,113
20201002,1400,AS45232,43.242.39.0/24,113
20201002,2000,AS45232,43.242.39.0/24,111
20201003,0200,AS45232,43.242.39.0/24,112
20201003,0800,AS45232,43.242.39.0/24,112
20201003,1400,AS45232,43.242.39.0/24,112
20201003,2000,AS45232,43.242.39.0/24,112
20201004,0200,AS45232,43.242.39.0/24,111
20201004,0800,AS45232,43.242.39.0/24,111
20201004,1400,AS45232,43.242.39.0/24,111
20201004,2000,AS45232,43.242.39.0/24,112
20201005,0200,AS45232,43.242.39.0/24,112
20201005,0800,AS45232,43.242.39.0/24,112
20201005,1400,AS45232,43.242.39.0/24,112
20201005,2000,AS45232,43.242.39.0/24,112
20201006,0200,AS45232,43.242.39.0/24,112
20201006,0800,AS45232,43.242.39.0/24,111
20201006,1400,AS45232,43.242.39.0/24,115
20201006,2000,AS45232,43.242.39.0/24,116
20201007,0200,AS45232,43.242.39.0/24,116
20201007,0800,AS45232,43.242.39.0/24,116
20201007,1400,AS45232,43.242.39.0/24,116
20201007,2000,AS45232,43.242.39.0/24,116
20201008,0200,AS45232,43.242.39.0/24,116
20201008,0800,AS45232,43.242.39.0/24,116
20201008,1400,AS45232,43.242.39.0/24,115
20201008,2000,AS45232,43.242.39.0/24,115
20201009,0200,AS45232,43.242.39.0/24,115
20201009,0800,AS45232,43.242.39.0/24,115
20201009,1400,AS45232,43.242.39.0/24,114
20201009,2000,AS45232,43.242.39.0/24,114
20201010,0200,AS45232,43.242.39.0/24,114
20201010,0800,AS45232,43.242.39.0/24,114
20201010,1400,AS45232,43.242.39.0/24,114
20201010,2000,AS45232,43.242.39.0/24,114
20201011,0200,AS45232,43.242.39.0/24,115
20201011,0800,AS45232,43.242.39.0/24,117
20201011,1400,AS45232,43.242.39.0/24,117
20201011,2000,AS45232,43.242.39.0/24,117
20201012,0200,AS45232,43.242.39.0/24,117
20201012,0800,AS45232,43.242.39.0/24,117
20201012,1400,AS45232,43.242.39.0/24,117
20201012,2000,AS45232,43.242.39.0/24,115
20201013,0200,AS45232,43.242.39.0/24,117
20201013,0800,AS45232,43.242.39.0/24,117
20201013,1400,AS45232,43.242.39.0/24,117
20201013,2000,AS45232,43.242.39.0/24,117
20201014,0200,AS45232,43.242.39.0/24,117
20201014,0800,AS45232,43.242.39.0/24,117
20201014,1400,AS45232,43.242.39.0/24,116
20201014,2000,AS45232,43.242.39.0/24,116
20201015,0200,AS45232,43.242.39.0/24,116
20201015,0800,AS45232,43.242.39.0/24,116
20201015,1400,AS45232,43.242.39.0/24,116
20201015,2000,AS45232,43.242.39.0/24,116
20201016,0200,AS45232,43.242.39.0/24,116
20201016,0800,AS45232,43.242.39.0/24,116
20201016,1400,AS45232,43.242.39.0/24,115
20201016,2000,AS45232,43.242.39.0/24,116
20201017,0200,AS45232,43.242.39.0/24,116
20201017,0800,AS45232,43.242.39.0/24,116
20201017,1400,AS45232,43.242.39.0/24,116
20201017,2000,AS45232,43.242.39.0/24,116
20201018,0200,AS45232,43.242.39.0/24,116
20201018,0800,AS45232,43.242.39.0/24,116
20201018,1400,AS45232,43.242.39.0/24,116
20201018,2000,AS45232,43.242.39.0/24,116
20201019,0200,AS45232,43.242.39.0/24,116
20201019,0800,AS45232,43.242.39.0/24,116
20201019,1400,AS45232,43.242.39.0/24,116
20201019,2000,AS45232,43.242.39.0/24,116
20201020,0200,AS45232,43.242.39.0/24,116
20201020,0800,AS45232,43.242.39.0/24,111
20201020,1400,AS45232,43.242.39.0/24,116
20201020,2000,AS45232,43.242.39.0/24,116
20201021,0200,AS45232,43.242.39.0/24,115
20201021,0800,AS45232,43.242.39.0/24,116
20201021,1400,AS45232,43.242.39.0/24,115
20201021,2000,AS45232,43.242.39.0/24,116
20201022,0200,AS45232,43.242.39.0/24,116
20201022,0800,AS45232,43.242.39.0/24,116
20201022,1400,AS45232,43.242.39.0/24,118
20201022,2000,AS45232,43.242.39.0/24,118
20201023,0200,AS45232,43.242.39.0/24,118
20201023,0800,AS45232,43.242.39.0/24,118
20201023,1400,AS45232,43.242.39.0/24,118
20201023,2000,AS45232,43.242.39.0/24,123
20201024,0200,AS45232,43.242.39.0/24,123
20201024,0800,AS45232,43.242.39.0/24,123
20201024,1400,AS45232,43.242.39.0/24,123
20201024,2000,AS45232,43.242.39.0/24,123
20201025,0200,AS45232,43.242.39.0/24,123
20201025,0800,AS45232,43.242.39.0/24,123
20201025,1400,AS45232,43.242.39.0/24,123
20201025,2000,AS45232,43.242.39.0/24,123
20201026,0200,AS45232,43.242.39.0/24,124
20201026,0800,AS45232,43.242.39.0/24,124
20201026,1400,AS45232,43.242.39.0/24,124
20201026,2000,AS45232,43.242.39.0/24,124
20201027,0200,AS45232,43.242.39.0/24,124
20201027,0800,AS45232,43.242.39.0/24,123
20201027,1400,AS45232,43.242.39.0/24,122
20201027,2000,AS45232,43.242.39.0/24,123
20201028,0200,AS45232,43.242.39.0/24,123
20201028,0800,AS45232,43.242.39.0/24,123
20201028,1400,AS45232,43.242.39.0/24,122
20201028,2000,AS45232,43.242.39.0/24,123
20201029,0200,AS45232,43.242.39.0/24,123
20201029,0800,AS45232,43.242.39.0/24,123
20201029,1400,AS45232,43.242.39.0/24,123
20201029,2000,AS45232,43.242.39.0/24,123
20201030,0200,AS45232,43.242.39.0/24,123
20201030,0800,AS45232,43.242.39.0/24,123
20201030,1400,AS45232,43.242.39.0/24,123
20201030,2000,AS45232,43.242.39.0/24,123
0,0,0,0,0
20201001,0200,AS45232,103.15.80.0/24,111
20201001,0800,AS45232,103.15.80.0/24,111
20201001,1400,AS45232,103.15.80.0/24,111
20201001,2000,AS45232,103.15.80.0/24,111
20201002,0200,AS45232,103.15.80.0/24,110
20201002,0800,AS45232,103.15.80.0/24,110
20201002,1400,AS45232,103.15.80.0/24,110
20201002,2000,AS45232,103.15.80.0/24,109
20201003,0200,AS45232,103.15.80.0/24,109
20201003,0800,AS45232,103.15.80.0/24,109
20201003,1400,AS45232,103.15.80.0/24,109
20201003,2000,AS45232,103.15.80.0/24,109
20201004,0200,AS45232,103.15.80.0/24,108
20201004,0800,AS45232,103.15.80.0/24,108
20201004,1400,AS45232,103.15.80.0/24,108
20201004,2000,AS45232,103.15.80.0/24,109
20201005,0200,AS45232,103.15.80.0/24,109
20201005,0800,AS45232,103.15.80.0/24,109
20201005,1400,AS45232,103.15.80.0/24,109
20201005,2000,AS45232,103.15.80.0/24,109
20201006,0200,AS45232,103.15.80.0/24,109
20201006,0800,AS45232,103.15.80.0/24,108
20201006,1400,AS45232,103.15.80.0/24,112
20201006,2000,AS45232,103.15.80.0/24,113
20201007,0200,AS45232,103.15.80.0/24,113
20201007,0800,AS45232,103.15.80.0/24,113
20201007,1400,AS45232,103.15.80.0/24,113
20201007,2000,AS45232,103.15.80.0/24,113
20201008,0200,AS45232,103.15.80.0/24,113
20201008,0800,AS45232,103.15.80.0/24,113
20201008,1400,AS45232,103.15.80.0/24,112
20201008,2000,AS45232,103.15.80.0/24,112
20201009,0200,AS45232,103.15.80.0/24,112
20201009,0800,AS45232,103.15.80.0/24,112
20201009,1400,AS45232,103.15.80.0/24,111
20201009,2000,AS45232,103.15.80.0/24,111
20201010,0200,AS45232,103.15.80.0/24,111
20201010,0800,AS45232,103.15.80.0/24,111
20201010,1400,AS45232,103.15.80.0/24,111
20201010,2000,AS45232,103.15.80.0/24,111
20201011,0200,AS45232,103.15.80.0/24,112
20201011,0800,AS45232,103.15.80.0/24,114
20201011,1400,AS45232,103.15.80.0/24,114
20201011,2000,AS45232,103.15.80.0/24,114
20201012,0200,AS45232,103.15.80.0/24,114
20201012,0800,AS45232,103.15.80.0/24,114
20201012,1400,AS45232,103.15.80.0/24,114
20201012,2000,AS45232,103.15.80.0/24,112
20201013,0200,AS45232,103.15.80.0/24,114
20201013,0800,AS45232,103.15.80.0/24,114
20201013,1400,AS45232,103.15.80.0/24,114
20201013,2000,AS45232,103.15.80.0/24,114
20201014,0200,AS45232,103.15.80.0/24,114
20201014,0800,AS45232,103.15.80.0/24,114
20201014,1400,AS45232,103.15.80.0/24,113
20201014,2000,AS45232,103.15.80.0/24,113
20201015,0200,AS45232,103.15.80.0/24,113
20201015,0800,AS45232,103.15.80.0/24,113
20201015,1400,AS45232,103.15.80.0/24,113
20201015,2000,AS45232,103.15.80.0/24,113
20201016,0200,AS45232,103.15.80.0/24,113
20201016,0800,AS45232,103.15.80.0/24,113
20201016,1400,AS45232,103.15.80.0/24,112
20201016,2000,AS45232,103.15.80.0/24,113
20201017,0200,AS45232,103.15.80.0/24,113
20201017,0800,AS45232,103.15.80.0/24,113
20201017,1400,AS45232,103.15.80.0/24,113
20201017,2000,AS45232,103.15.80.0/24,113
20201018,0200,AS45232,103.15.80.0/24,113
20201018,0800,AS45232,103.15.80.0/24,113
20201018,1400,AS45232,103.15.80.0/24,113
20201018,2000,AS45232,103.15.80.0/24,113
20201019,0200,AS45232,103.15.80.0/24,113
20201019,0800,AS45232,103.15.80.0/24,113
20201019,1400,AS45232,103.15.80.0/24,113
20201019,2000,AS45232,103.15.80.0/24,113
20201020,0200,AS45232,103.15.80.0/24,113
20201020,0800,AS45232,103.15.80.0/24,110
20201020,1400,AS45232,103.15.80.0/24,113
20201020,2000,AS45232,103.15.80.0/24,113
20201021,0200,AS45232,103.15.80.0/24,112
20201021,0800,AS45232,103.15.80.0/24,113
20201021,1400,AS45232,103.15.80.0/24,112
20201021,2000,AS45232,103.15.80.0/24,113
20201022,0200,AS45232,103.15.80.0/24,113
20201022,0800,AS45232,103.15.80.0/24,113
20201022,1400,AS45232,103.15.80.0/24,115
20201022,2000,AS45232,103.15.80.0/24,115
20201023,0200,AS45232,103.15.80.0/24,115
20201023,0800,AS45232,103.15.80.0/24,115
20201023,1400,AS45232,103.15.80.0/24,115
20201023,2000,AS45232,103.15.80.0/24,120
20201024,0200,AS45232,103.15.80.0/24,120
20201024,0800,AS45232,103.15.80.0/24,120
20201024,1400,AS45232,103.15.80.0/24,120
20201024,2000,AS45232,103.15.80.0/24,120
20201025,0200,AS45232,103.15.80.0/24,120
20201025,0800,AS45232,103.15.80.0/24,120
20201025,1400,AS45232,103.15.80.0/24,120
20201025,2000,AS45232,103.15.80.0/24,120
20201026,0200,AS45232,103.15.80.0/24,121
20201026,0800,AS45232,103.15.80.0/24,121
20201026,1400,AS45232,103.15.80.0/24,121
20201026,2000,AS45232,103.15.80.0/24,121
20201027,0200,AS45232,103.15.80.0/24,121
20201027,0800,AS45232,103.15.80.0/24,120
20201027,1400,AS45232,103.15.80.0/24,119
20201027,2000,AS45232,103.15.80.0/24,120
20201028,0200,AS45232,103.15.80.0/24,120
20201028,0800,AS45232,103.15.80.0/24,120
20201028,1400,AS45232,103.15.80.0/24,119
20201028,2000,AS45232,103.15.80.0/24,120
20201029,0200,AS45232,103.15.80.0/24,120
20201029,0800,AS45232,103.15.80.0/24,120
20201029,1400,AS45232,103.15.80.0/24,120
20201029,2000,AS45232,103.15.80.0/24,120
20201030,0200,AS45232,103.15.80.0/24,120
20201030,0800,AS45232,103.15.80.0/24,120
20201030,1400,AS45232,103.15.80.0/24,120
20201030,2000,AS45232,103.15.80.0/24,120
0,0,0,0,0
20201001,0200,AS45232,103.15.81.0/24,111
20201001,0800,AS45232,103.15.81.0/24,111
20201001,1400,AS45232,103.15.81.0/24,111
20201001,2000,AS45232,103.15.81.0/24,111
20201002,0200,AS45232,103.15.81.0/24,110
20201002,0800,AS45232,103.15.81.0/24,110
20201002,1400,AS45232,103.15.81.0/24,110
20201002,2000,AS45232,103.15.81.0/24,109
20201003,0200,AS45232,103.15.81.0/24,109
20201003,0800,AS45232,103.15.81.0/24,109
20201003,1400,AS45232,103.15.81.0/24,109
20201003,2000,AS45232,103.15.81.0/24,109
20201004,0200,AS45232,103.15.81.0/24,108
20201004,0800,AS45232,103.15.81.0/24,108
20201004,1400,AS45232,103.15.81.0/24,108
20201004,2000,AS45232,103.15.81.0/24,109
20201005,0200,AS45232,103.15.81.0/24,109
20201005,0800,AS45232,103.15.81.0/24,109
20201005,1400,AS45232,103.15.81.0/24,109
20201005,2000,AS45232,103.15.81.0/24,109
20201006,0200,AS45232,103.15.81.0/24,109
20201006,0800,AS45232,103.15.81.0/24,108
20201006,1400,AS45232,103.15.81.0/24,112
20201006,2000,AS45232,103.15.81.0/24,113
20201007,0200,AS45232,103.15.81.0/24,113
20201007,0800,AS45232,103.15.81.0/24,113
20201007,1400,AS45232,103.15.81.0/24,113
20201007,2000,AS45232,103.15.81.0/24,113
20201008,0200,AS45232,103.15.81.0/24,113
20201008,0800,AS45232,103.15.81.0/24,113
20201008,1400,AS45232,103.15.81.0/24,112
20201008,2000,AS45232,103.15.81.0/24,112
20201009,0200,AS45232,103.15.81.0/24,112
20201009,0800,AS45232,103.15.81.0/24,112
20201009,1400,AS45232,103.15.81.0/24,111
20201009,2000,AS45232,103.15.81.0/24,111
20201010,0200,AS45232,103.15.81.0/24,111
20201010,0800,AS45232,103.15.81.0/24,111
20201010,1400,AS45232,103.15.81.0/24,111
20201010,2000,AS45232,103.15.81.0/24,111
20201011,0200,AS45232,103.15.81.0/24,112
20201011,0800,AS45232,103.15.81.0/24,114
20201011,1400,AS45232,103.15.81.0/24,114
20201011,2000,AS45232,103.15.81.0/24,114
20201012,0200,AS45232,103.15.81.0/24,114
20201012,0800,AS45232,103.15.81.0/24,114
20201012,1400,AS45232,103.15.81.0/24,114
20201012,2000,AS45232,103.15.81.0/24,112
20201013,0200,AS45232,103.15.81.0/24,114
20201013,0800,AS45232,103.15.81.0/24,114
20201013,1400,AS45232,103.15.81.0/24,114
20201013,2000,AS45232,103.15.81.0/24,114
20201014,0200,AS45232,103.15.81.0/24,114
20201014,0800,AS45232,103.15.81.0/24,114
20201014,1400,AS45232,103.15.81.0/24,113
20201014,2000,AS45232,103.15.81.0/24,113
20201015,0200,AS45232,103.15.81.0/24,113
20201015,0800,AS45232,103.15.81.0/24,113
20201015,1400,AS45232,103.15.81.0/24,113
20201015,2000,AS45232,103.15.81.0/24,113
20201016,0200,AS45232,103.15.81.0/24,113
20201016,0800,AS45232,103.15.81.0/24,113
20201016,1400,AS45232,103.15.81.0/24,112
20201016,2000,AS45232,103.15.81.0/24,113
20201017,0200,AS45232,103.15.81.0/24,113
20201017,0800,AS45232,103.15.81.0/24,113
20201017,1400,AS45232,103.15.81.0/24,113
20201017,2000,AS45232,103.15.81.0/24,113
20201018,0200,AS45232,103.15.81.0/24,113
20201018,0800,AS45232,103.15.81.0/24,113
20201018,1400,AS45232,103.15.81.0/24,113
20201018,2000,AS45232,103.15.81.0/24,113
20201019,0200,AS45232,103.15.81.0/24,113
20201019,0800,AS45232,103.15.81.0/24,113
20201019,1400,AS45232,103.15.81.0/24,113
20201019,2000,AS45232,103.15.81.0/24,113
20201020,0200,AS45232,103.15.81.0/24,113
20201020,0800,AS45232,103.15.81.0/24,110
20201020,1400,AS45232,103.15.81.0/24,113
20201020,2000,AS45232,103.15.81.0/24,113
20201021,0200,AS45232,103.15.81.0/24,112
20201021,0800,AS45232,103.15.81.0/24,113
20201021,1400,AS45232,103.15.81.0/24,112
20201021,2000,AS45232,103.15.81.0/24,113
20201022,0200,AS45232,103.15.81.0/24,113
20201022,0800,AS45232,103.15.81.0/24,113
20201022,1400,AS45232,103.15.81.0/24,115
20201022,2000,AS45232,103.15.81.0/24,115
20201023,0200,AS45232,103.15.81.0/24,115
20201023,0800,AS45232,103.15.81.0/24,115
20201023,1400,AS45232,103.15.81.0/24,115
20201023,2000,AS45232,103.15.81.0/24,120
20201024,0200,AS45232,103.15.81.0/24,120
20201024,0800,AS45232,103.15.81.0/24,120
20201024,1400,AS45232,103.15.81.0/24,120
20201024,2000,AS45232,103.15.81.0/24,120
20201025,0200,AS45232,103.15.81.0/24,120
20201025,0800,AS45232,103.15.81.0/24,120
20201025,1400,AS45232,103.15.81.0/24,120
20201025,2000,AS45232,103.15.81.0/24,120
20201026,0200,AS45232,103.15.81.0/24,121
20201026,0800,AS45232,103.15.81.0/24,121
20201026,1400,AS45232,103.15.81.0/24,121
20201026,2000,AS45232,103.15.81.0/24,121
20201027,0200,AS45232,103.15.81.0/24,121
20201027,0800,AS45232,103.15.81.0/24,120
20201027,1400,AS45232,103.15.81.0/24,119
20201027,2000,AS45232,103.15.81.0/24,120
20201028,0200,AS45232,103.15.81.0/24,120
20201028,0800,AS45232,103.15.81.0/24,120
20201028,1400,AS45232,103.15.81.0/24,119
20201028,2000,AS45232,103.15.81.0/24,120
20201029,0200,AS45232,103.15.81.0/24,120
20201029,0800,AS45232,103.15.81.0/24,120
20201029,1400,AS45232,103.15.81.0/24,120
20201029,2000,AS45232,103.15.81.0/24,120
20201030,0200,AS45232,103.15.81.0/24,120
20201030,0800,AS45232,103.15.81.0/24,120
20201030,1400,AS45232,103.15.81.0/24,120
20201030,2000,AS45232,103.15.81.0/24,120
0,0,0,0,0
20201001,0200,AS45232,103.15.82.0/24,111
20201001,0800,AS45232,103.15.82.0/24,111
20201001,1400,AS45232,103.15.82.0/24,111
20201001,2000,AS45232,103.15.82.0/24,111
20201002,0200,AS45232,103.15.82.0/24,110
20201002,0800,AS45232,103.15.82.0/24,110
20201002,1400,AS45232,103.15.82.0/24,110
20201002,2000,AS45232,103.15.82.0/24,109
20201003,0200,AS45232,103.15.82.0/24,109
20201003,0800,AS45232,103.15.82.0/24,109
20201003,1400,AS45232,103.15.82.0/24,109
20201003,2000,AS45232,103.15.82.0/24,109
20201004,0200,AS45232,103.15.82.0/24,108
20201004,0800,AS45232,103.15.82.0/24,108
20201004,1400,AS45232,103.15.82.0/24,108
20201004,2000,AS45232,103.15.82.0/24,109
20201005,0200,AS45232,103.15.82.0/24,109
20201005,0800,AS45232,103.15.82.0/24,109
20201005,1400,AS45232,103.15.82.0/24,109
20201005,2000,AS45232,103.15.82.0/24,109
20201006,0200,AS45232,103.15.82.0/24,109
20201006,0800,AS45232,103.15.82.0/24,108
20201006,1400,AS45232,103.15.82.0/24,112
20201006,2000,AS45232,103.15.82.0/24,113
20201007,0200,AS45232,103.15.82.0/24,113
20201007,0800,AS45232,103.15.82.0/24,113
20201007,1400,AS45232,103.15.82.0/24,113
20201007,2000,AS45232,103.15.82.0/24,113
20201008,0200,AS45232,103.15.82.0/24,113
20201008,0800,AS45232,103.15.82.0/24,113
20201008,1400,AS45232,103.15.82.0/24,112
20201008,2000,AS45232,103.15.82.0/24,112
20201009,0200,AS45232,103.15.82.0/24,112
20201009,0800,AS45232,103.15.82.0/24,112
20201009,1400,AS45232,103.15.82.0/24,111
20201009,2000,AS45232,103.15.82.0/24,111
20201010,0200,AS45232,103.15.82.0/24,111
20201010,0800,AS45232,103.15.82.0/24,111
20201010,1400,AS45232,103.15.82.0/24,111
20201010,2000,AS45232,103.15.82.0/24,111
20201011,0200,AS45232,103.15.82.0/24,112
20201011,0800,AS45232,103.15.82.0/24,114
20201011,1400,AS45232,103.15.82.0/24,114
20201011,2000,AS45232,103.15.82.0/24,114
20201012,0200,AS45232,103.15.82.0/24,114
20201012,0800,AS45232,103.15.82.0/24,114
20201012,1400,AS45232,103.15.82.0/24,114
20201012,2000,AS45232,103.15.82.0/24,112
20201013,0200,AS45232,103.15.82.0/24,114
20201013,0800,AS45232,103.15.82.0/24,114
20201013,1400,AS45232,103.15.82.0/24,114
20201013,2000,AS45232,103.15.82.0/24,114
20201014,0200,AS45232,103.15.82.0/24,114
20201014,0800,AS45232,103.15.82.0/24,114
20201014,1400,AS45232,103.15.82.0/24,113
20201014,2000,AS45232,103.15.82.0/24,113
20201015,0200,AS45232,103.15.82.0/24,113
20201015,0800,AS45232,103.15.82.0/24,113
20201015,1400,AS45232,103.15.82.0/24,113
20201015,2000,AS45232,103.15.82.0/24,113
20201016,0200,AS45232,103.15.82.0/24,113
20201016,0800,AS45232,103.15.82.0/24,113
20201016,1400,AS45232,103.15.82.0/24,112
20201016,2000,AS45232,103.15.82.0/24,113
20201017,0200,AS45232,103.15.82.0/24,113
20201017,0800,AS45232,103.15.82.0/24,113
20201017,1400,AS45232,103.15.82.0/24,113
20201017,2000,AS45232,103.15.82.0/24,113
20201018,0200,AS45232,103.15.82.0/24,113
20201018,0800,AS45232,103.15.82.0/24,113
20201018,1400,AS45232,103.15.82.0/24,113
20201018,2000,AS45232,103.15.82.0/24,113
20201019,0200,AS45232,103.15.82.0/24,113
20201019,0800,AS45232,103.15.82.0/24,113
20201019,1400,AS45232,103.15.82.0/24,113
20201019,2000,AS45232,103.15.82.0/24,113
20201020,0200,AS45232,103.15.82.0/24,113
20201020,0800,AS45232,103.15.82.0/24,110
20201020,1400,AS45232,103.15.82.0/24,113
20201020,2000,AS45232,103.15.82.0/24,113
20201021,0200,AS45232,103.15.82.0/24,112
20201021,0800,AS45232,103.15.82.0/24,113
20201021,1400,AS45232,103.15.82.0/24,112
20201021,2000,AS45232,103.15.82.0/24,113
20201022,0200,AS45232,103.15.82.0/24,113
20201022,0800,AS45232,103.15.82.0/24,113
20201022,1400,AS45232,103.15.82.0/24,115
20201022,2000,AS45232,103.15.82.0/24,115
20201023,0200,AS45232,103.15.82.0/24,115
20201023,0800,AS45232,103.15.82.0/24,115
20201023,1400,AS45232,103.15.82.0/24,115
20201023,2000,AS45232,103.15.82.0/24,120
20201024,0200,AS45232,103.15.82.0/24,120
20201024,0800,AS45232,103.15.82.0/24,120
20201024,1400,AS45232,103.15.82.0/24,120
20201024,2000,AS45232,103.15.82.0/24,120
20201025,0200,AS45232,103.15.82.0/24,120
20201025,0800,AS45232,103.15.82.0/24,120
20201025,1400,AS45232,103.15.82.0/24,120
20201025,2000,AS45232,103.15.82.0/24,120
20201026,0200,AS45232,103.15.82.0/24,121
20201026,0800,AS45232,103.15.82.0/24,121
20201026,1400,AS45232,103.15.82.0/24,121
20201026,2000,AS45232,103.15.82.0/24,121
20201027,0200,AS45232,103.15.82.0/24,121
20201027,0800,AS45232,103.15.82.0/24,120
20201027,1400,AS45232,103.15.82.0/24,119
20201027,2000,AS45232,103.15.82.0/24,120
20201028,0200,AS45232,103.15.82.0/24,120
20201028,0800,AS45232,103.15.82.0/24,120
20201028,1400,AS45232,103.15.82.0/24,119
20201028,2000,AS45232,103.15.82.0/24,120
20201029,0200,AS45232,103.15.82.0/24,120
20201029,0800,AS45232,103.15.82.0/24,120
20201029,1400,AS45232,103.15.82.0/24,120
20201029,2000,AS45232,103.15.82.0/24,120
20201030,0200,AS45232,103.15.82.0/24,120
20201030,0800,AS45232,103.15.82.0/24,120
20201030,1400,AS45232,103.15.82.0/24,120
20201030,2000,AS45232,103.15.82.0/24,120
0,0,0,0,0
20201001,0200,AS45232,103.15.83.0/24,111
20201001,0800,AS45232,103.15.83.0/24,111
20201001,1400,AS45232,103.15.83.0/24,111
20201001,2000,AS45232,103.15.83.0/24,111
20201002,0200,AS45232,103.15.83.0/24,110
20201002,0800,AS45232,103.15.83.0/24,110
20201002,1400,AS45232,103.15.83.0/24,110
20201002,2000,AS45232,103.15.83.0/24,109
20201003,0200,AS45232,103.15.83.0/24,109
20201003,0800,AS45232,103.15.83.0/24,109
20201003,1400,AS45232,103.15.83.0/24,109
20201003,2000,AS45232,103.15.83.0/24,109
20201004,0200,AS45232,103.15.83.0/24,108
20201004,0800,AS45232,103.15.83.0/24,108
20201004,1400,AS45232,103.15.83.0/24,108
20201004,2000,AS45232,103.15.83.0/24,109
20201005,0200,AS45232,103.15.83.0/24,109
20201005,0800,AS45232,103.15.83.0/24,109
20201005,1400,AS45232,103.15.83.0/24,109
20201005,2000,AS45232,103.15.83.0/24,109
20201006,0200,AS45232,103.15.83.0/24,109
20201006,0800,AS45232,103.15.83.0/24,108
20201006,1400,AS45232,103.15.83.0/24,112
20201006,2000,AS45232,103.15.83.0/24,113
20201007,0200,AS45232,103.15.83.0/24,113
20201007,0800,AS45232,103.15.83.0/24,113
20201007,1400,AS45232,103.15.83.0/24,113
20201007,2000,AS45232,103.15.83.0/24,113
20201008,0200,AS45232,103.15.83.0/24,113
20201008,0800,AS45232,103.15.83.0/24,113
20201008,1400,AS45232,103.15.83.0/24,112
20201008,2000,AS45232,103.15.83.0/24,112
20201009,0200,AS45232,103.15.83.0/24,112
20201009,0800,AS45232,103.15.83.0/24,112
20201009,1400,AS45232,103.15.83.0/24,111
20201009,2000,AS45232,103.15.83.0/24,111
20201010,0200,AS45232,103.15.83.0/24,111
20201010,0800,AS45232,103.15.83.0/24,111
20201010,1400,AS45232,103.15.83.0/24,111
20201010,2000,AS45232,103.15.83.0/24,111
20201011,0200,AS45232,103.15.83.0/24,112
20201011,0800,AS45232,103.15.83.0/24,114
20201011,1400,AS45232,103.15.83.0/24,114
20201011,2000,AS45232,103.15.83.0/24,114
20201012,0200,AS45232,103.15.83.0/24,114
20201012,0800,AS45232,103.15.83.0/24,114
20201012,1400,AS45232,103.15.83.0/24,114
20201012,2000,AS45232,103.15.83.0/24,112
20201013,0200,AS45232,103.15.83.0/24,114
20201013,0800,AS45232,103.15.83.0/24,114
20201013,1400,AS45232,103.15.83.0/24,114
20201013,2000,AS45232,103.15.83.0/24,114
20201014,0200,AS45232,103.15.83.0/24,114
20201014,0800,AS45232,103.15.83.0/24,114
20201014,1400,AS45232,103.15.83.0/24,113
20201014,2000,AS45232,103.15.83.0/24,113
20201015,0200,AS45232,103.15.83.0/24,113
20201015,0800,AS45232,103.15.83.0/24,113
20201015,1400,AS45232,103.15.83.0/24,113
20201015,2000,AS45232,103.15.83.0/24,113
20201016,0200,AS45232,103.15.83.0/24,113
20201016,0800,AS45232,103.15.83.0/24,113
20201016,1400,AS45232,103.15.83.0/24,112
20201016,2000,AS45232,103.15.83.0/24,113
20201017,0200,AS45232,103.15.83.0/24,113
20201017,0800,AS45232,103.15.83.0/24,113
20201017,1400,AS45232,103.15.83.0/24,113
20201017,2000,AS45232,103.15.83.0/24,113
20201018,0200,AS45232,103.15.83.0/24,113
20201018,0800,AS45232,103.15.83.0/24,113
20201018,1400,AS45232,103.15.83.0/24,113
20201018,2000,AS45232,103.15.83.0/24,113
20201019,0200,AS45232,103.15.83.0/24,113
20201019,0800,AS45232,103.15.83.0/24,113
20201019,1400,AS45232,103.15.83.0/24,113
20201019,2000,AS45232,103.15.83.0/24,113
20201020,0200,AS45232,103.15.83.0/24,113
20201020,0800,AS45232,103.15.83.0/24,110
20201020,1400,AS45232,103.15.83.0/24,113
20201020,2000,AS45232,103.15.83.0/24,113
20201021,0200,AS45232,103.15.83.0/24,112
20201021,0800,AS45232,103.15.83.0/24,113
20201021,1400,AS45232,103.15.83.0/24,112
20201021,2000,AS45232,103.15.83.0/24,113
20201022,0200,AS45232,103.15.83.0/24,113
20201022,0800,AS45232,103.15.83.0/24,113
20201022,1400,AS45232,103.15.83.0/24,115
20201022,2000,AS45232,103.15.83.0/24,115
20201023,0200,AS45232,103.15.83.0/24,115
20201023,0800,AS45232,103.15.83.0/24,115
20201023,1400,AS45232,103.15.83.0/24,115
20201023,2000,AS45232,103.15.83.0/24,120
20201024,0200,AS45232,103.15.83.0/24,120
20201024,0800,AS45232,103.15.83.0/24,120
20201024,1400,AS45232,103.15.83.0/24,120
20201024,2000,AS45232,103.15.83.0/24,120
20201025,0200,AS45232,103.15.83.0/24,120
20201025,0800,AS45232,103.15.83.0/24,120
20201025,1400,AS45232,103.15.83.0/24,120
20201025,2000,AS45232,103.15.83.0/24,120
20201026,0200,AS45232,103.15.83.0/24,121
20201026,0800,AS45232,103.15.83.0/24,121
20201026,1400,AS45232,103.15.83.0/24,121
20201026,2000,AS45232,103.15.83.0/24,121
20201027,0200,AS45232,103.15.83.0/24,121
20201027,0800,AS45232,103.15.83.0/24,120
20201027,1400,AS45232,103.15.83.0/24,119
20201027,2000,AS45232,103.15.83.0/24,120
20201028,0200,AS45232,103.15.83.0/24,120
20201028,0800,AS45232,103.15.83.0/24,120
20201028,1400,AS45232,103.15.83.0/24,119
20201028,2000,AS45232,103.15.83.0/24,120
20201029,0200,AS45232,103.15.83.0/24,120
20201029,0800,AS45232,103.15.83.0/24,120
20201029,1400,AS45232,103.15.83.0/24,120
20201029,2000,AS45232,103.15.83.0/24,120
20201030,0200,AS45232,103.15.83.0/24,120
20201030,0800,AS45232,103.15.83.0/24,120
20201030,1400,AS45232,103.15.83.0/24,120
20201030,2000,AS45232,103.15.83.0/24,120
0,0,0,0,0
20201001,0200,AS45232,103.216.92.0/24,111
20201001,0800,AS45232,103.216.92.0/24,111
20201001,1400,AS45232,103.216.92.0/24,111
20201001,2000,AS45232,103.216.92.0/24,111
20201002,0200,AS45232,103.216.92.0/24,110
20201002,0800,AS45232,103.216.92.0/24,110
20201002,1400,AS45232,103.216.92.0/24,110
20201002,2000,AS45232,103.216.92.0/24,108
20201003,0200,AS45232,103.216.92.0/24,109
20201003,0800,AS45232,103.216.92.0/24,109
20201003,1400,AS45232,103.216.92.0/24,109
20201003,2000,AS45232,103.216.92.0/24,109
20201004,0200,AS45232,103.216.92.0/24,108
20201004,0800,AS45232,103.216.92.0/24,108
20201004,1400,AS45232,103.216.92.0/24,108
20201004,2000,AS45232,103.216.92.0/24,109
20201005,0200,AS45232,103.216.92.0/24,109
20201005,0800,AS45232,103.216.92.0/24,109
20201005,1400,AS45232,103.216.92.0/24,109
20201005,2000,AS45232,103.216.92.0/24,109
20201006,0200,AS45232,103.216.92.0/24,109
20201006,0800,AS45232,103.216.92.0/24,108
20201006,1400,AS45232,103.216.92.0/24,112
20201006,2000,AS45232,103.216.92.0/24,113
20201007,0200,AS45232,103.216.92.0/24,113
20201007,0800,AS45232,103.216.92.0/24,113
20201007,1400,AS45232,103.216.92.0/24,113
20201007,2000,AS45232,103.216.92.0/24,113
20201008,0200,AS45232,103.216.92.0/24,113
20201008,0800,AS45232,103.216.92.0/24,113
20201008,1400,AS45232,103.216.92.0/24,112
20201008,2000,AS45232,103.216.92.0/24,112
20201009,0200,AS45232,103.216.92.0/24,112
20201009,0800,AS45232,103.216.92.0/24,112
20201009,1400,AS45232,103.216.92.0/24,111
20201009,2000,AS45232,103.216.92.0/24,111
20201010,0200,AS45232,103.216.92.0/24,111
20201010,0800,AS45232,103.216.92.0/24,111
20201010,1400,AS45232,103.216.92.0/24,111
20201010,2000,AS45232,103.216.92.0/24,111
20201011,0200,AS45232,103.216.92.0/24,112
20201011,0800,AS45232,103.216.92.0/24,114
20201011,1400,AS45232,103.216.92.0/24,114
20201011,2000,AS45232,103.216.92.0/24,114
20201012,0200,AS45232,103.216.92.0/24,114
20201012,0800,AS45232,103.216.92.0/24,114
20201012,1400,AS45232,103.216.92.0/24,114
20201012,2000,AS45232,103.216.92.0/24,112
20201013,0200,AS45232,103.216.92.0/24,114
20201013,0800,AS45232,103.216.92.0/24,114
20201013,1400,AS45232,103.216.92.0/24,114
20201013,2000,AS45232,103.216.92.0/24,114
20201014,0200,AS45232,103.216.92.0/24,114
20201014,0800,AS45232,103.216.92.0/24,114
20201014,1400,AS45232,103.216.92.0/24,113
20201014,2000,AS45232,103.216.92.0/24,113
20201015,0200,AS45232,103.216.92.0/24,113
20201015,0800,AS45232,103.216.92.0/24,113
20201015,1400,AS45232,103.216.92.0/24,113
20201015,2000,AS45232,103.216.92.0/24,113
20201016,0200,AS45232,103.216.92.0/24,113
20201016,0800,AS45232,103.216.92.0/24,113
20201016,1400,AS45232,103.216.92.0/24,112
20201016,2000,AS45232,103.216.92.0/24,113
20201017,0200,AS45232,103.216.92.0/24,113
20201017,0800,AS45232,103.216.92.0/24,113
20201017,1400,AS45232,103.216.92.0/24,113
20201017,2000,AS45232,103.216.92.0/24,113
20201018,0200,AS45232,103.216.92.0/24,113
20201018,0800,AS45232,103.216.92.0/24,113
20201018,1400,AS45232,103.216.92.0/24,113
20201018,2000,AS45232,103.216.92.0/24,113
20201019,0200,AS45232,103.216.92.0/24,113
20201019,0800,AS45232,103.216.92.0/24,113
20201019,1400,AS45232,103.216.92.0/24,113
20201019,2000,AS45232,103.216.92.0/24,113
20201020,0200,AS45232,103.216.92.0/24,113
20201020,0800,AS45232,103.216.92.0/24,110
20201020,1400,AS45232,103.216.92.0/24,113
20201020,2000,AS45232,103.216.92.0/24,113
20201021,0200,AS45232,103.216.92.0/24,112
20201021,0800,AS45232,103.216.92.0/24,113
20201021,1400,AS45232,103.216.92.0/24,112
20201021,2000,AS45232,103.216.92.0/24,113
20201022,0200,AS45232,103.216.92.0/24,113
20201022,0800,AS45232,103.216.92.0/24,113
20201022,1400,AS45232,103.216.92.0/24,115
20201022,2000,AS45232,103.216.92.0/24,115
20201023,0200,AS45232,103.216.92.0/24,115
20201023,0800,AS45232,103.216.92.0/24,115
20201023,1400,AS45232,103.216.92.0/24,115
20201023,2000,AS45232,103.216.92.0/24,120
20201024,0200,AS45232,103.216.92.0/24,120
20201024,0800,AS45232,103.216.92.0/24,120
20201024,1400,AS45232,103.216.92.0/24,120
20201024,2000,AS45232,103.216.92.0/24,120
20201025,0200,AS45232,103.216.92.0/24,120
20201025,0800,AS45232,103.216.92.0/24,120
20201025,1400,AS45232,103.216.92.0/24,120
20201025,2000,AS45232,103.216.92.0/24,120
20201026,0200,AS45232,103.216.92.0/24,121
20201026,0800,AS45232,103.216.92.0/24,121
20201026,1400,AS45232,103.216.92.0/24,121
20201026,2000,AS45232,103.216.92.0/24,121
20201027,0200,AS45232,103.216.92.0/24,121
20201027,0800,AS45232,103.216.92.0/24,120
20201027,1400,AS45232,103.216.92.0/24,119
20201027,2000,AS45232,103.216.92.0/24,120
20201028,0200,AS45232,103.216.92.0/24,120
20201028,0800,AS45232,103.216.92.0/24,120
20201028,1400,AS45232,103.216.92.0/24,119
20201028,2000,AS45232,103.216.92.0/24,120
20201029,0200,AS45232,103.216.92.0/24,120
20201029,0800,AS45232,103.216.92.0/24,120
20201029,1400,AS45232,103.216.92.0/24,120
20201029,2000,AS45232,103.216.92.0/24,120
20201030,0200,AS45232,103.216.92.0/24,120
20201030,0800,AS45232,103.216.92.0/24,120
20201030,1400,AS45232,103.216.92.0/24,120
20201030,2000,AS45232,103.216.92.0/24,120
0,0,0,0,0
20201001,0200,AS45232,103.216.93.0/24,111
20201001,0800,AS45232,103.216.93.0/24,111
20201001,1400,AS45232,103.216.93.0/24,111
20201001,2000,AS45232,103.216.93.0/24,111
20201002,0200,AS45232,103.216.93.0/24,110
20201002,0800,AS45232,103.216.93.0/24,110
20201002,1400,AS45232,103.216.93.0/24,110
20201002,2000,AS45232,103.216.93.0/24,108
20201003,0200,AS45232,103.216.93.0/24,109
20201003,0800,AS45232,103.216.93.0/24,109
20201003,1400,AS45232,103.216.93.0/24,109
20201003,2000,AS45232,103.216.93.0/24,109
20201004,0200,AS45232,103.216.93.0/24,108
20201004,0800,AS45232,103.216.93.0/24,108
20201004,1400,AS45232,103.216.93.0/24,108
20201004,2000,AS45232,103.216.93.0/24,109
20201005,0200,AS45232,103.216.93.0/24,109
20201005,0800,AS45232,103.216.93.0/24,109
20201005,1400,AS45232,103.216.93.0/24,109
20201005,2000,AS45232,103.216.93.0/24,109
20201006,0200,AS45232,103.216.93.0/24,109
20201006,0800,AS45232,103.216.93.0/24,108
20201006,1400,AS45232,103.216.93.0/24,112
20201006,2000,AS45232,103.216.93.0/24,113
20201007,0200,AS45232,103.216.93.0/24,113
20201007,0800,AS45232,103.216.93.0/24,113
20201007,1400,AS45232,103.216.93.0/24,113
20201007,2000,AS45232,103.216.93.0/24,113
20201008,0200,AS45232,103.216.93.0/24,113
20201008,0800,AS45232,103.216.93.0/24,113
20201008,1400,AS45232,103.216.93.0/24,112
20201008,2000,AS45232,103.216.93.0/24,112
20201009,0200,AS45232,103.216.93.0/24,112
20201009,0800,AS45232,103.216.93.0/24,112
20201009,1400,AS45232,103.216.93.0/24,111
20201009,2000,AS45232,103.216.93.0/24,111
20201010,0200,AS45232,103.216.93.0/24,111
20201010,0800,AS45232,103.216.93.0/24,111
20201010,1400,AS45232,103.216.93.0/24,111
20201010,2000,AS45232,103.216.93.0/24,111
20201011,0200,AS45232,103.216.93.0/24,112
20201011,0800,AS45232,103.216.93.0/24,114
20201011,1400,AS45232,103.216.93.0/24,114
20201011,2000,AS45232,103.216.93.0/24,114
20201012,0200,AS45232,103.216.93.0/24,114
20201012,0800,AS45232,103.216.93.0/24,114
20201012,1400,AS45232,103.216.93.0/24,114
20201012,2000,AS45232,103.216.93.0/24,112
20201013,0200,AS45232,103.216.93.0/24,114
20201013,0800,AS45232,103.216.93.0/24,114
20201013,1400,AS45232,103.216.93.0/24,114
20201013,2000,AS45232,103.216.93.0/24,114
20201014,0200,AS45232,103.216.93.0/24,114
20201014,0800,AS45232,103.216.93.0/24,114
20201014,1400,AS45232,103.216.93.0/24,113
20201014,2000,AS45232,103.216.93.0/24,113
20201015,0200,AS45232,103.216.93.0/24,113
20201015,0800,AS45232,103.216.93.0/24,113
20201015,1400,AS45232,103.216.93.0/24,113
20201015,2000,AS45232,103.216.93.0/24,113
20201016,0200,AS45232,103.216.93.0/24,113
20201016,0800,AS45232,103.216.93.0/24,113
20201016,1400,AS45232,103.216.93.0/24,112
20201016,2000,AS45232,103.216.93.0/24,113
20201017,0200,AS45232,103.216.93.0/24,113
20201017,0800,AS45232,103.216.93.0/24,113
20201017,1400,AS45232,103.216.93.0/24,113
20201017,2000,AS45232,103.216.93.0/24,113
20201018,0200,AS45232,103.216.93.0/24,113
20201018,0800,AS45232,103.216.93.0/24,113
20201018,1400,AS45232,103.216.93.0/24,113
20201018,2000,AS45232,103.216.93.0/24,113
20201019,0200,AS45232,103.216.93.0/24,113
20201019,0800,AS45232,103.216.93.0/24,113
20201019,1400,AS45232,103.216.93.0/24,113
20201019,2000,AS45232,103.216.93.0/24,113
20201020,0200,AS45232,103.216.93.0/24,113
20201020,0800,AS45232,103.216.93.0/24,110
20201020,1400,AS45232,103.216.93.0/24,113
20201020,2000,AS45232,103.216.93.0/24,113
20201021,0200,AS45232,103.216.93.0/24,112
20201021,0800,AS45232,103.216.93.0/24,113
20201021,1400,AS45232,103.216.93.0/24,112
20201021,2000,AS45232,103.216.93.0/24,113
20201022,0200,AS45232,103.216.93.0/24,113
20201022,0800,AS45232,103.216.93.0/24,113
20201022,1400,AS45232,103.216.93.0/24,115
20201022,2000,AS45232,103.216.93.0/24,115
20201023,0200,AS45232,103.216.93.0/24,115
20201023,0800,AS45232,103.216.93.0/24,115
20201023,1400,AS45232,103.216.93.0/24,115
20201023,2000,AS45232,103.216.93.0/24,120
20201024,0200,AS45232,103.216.93.0/24,120
20201024,0800,AS45232,103.216.93.0/24,120
20201024,1400,AS45232,103.216.93.0/24,120
20201024,2000,AS45232,103.216.93.0/24,120
20201025,0200,AS45232,103.216.93.0/24,120
20201025,0800,AS45232,103.216.93.0/24,120
20201025,1400,AS45232,103.216.93.0/24,120
20201025,2000,AS45232,103.216.93.0/24,120
20201026,0200,AS45232,103.216.93.0/24,121
20201026,0800,AS45232,103.216.93.0/24,121
20201026,1400,AS45232,103.216.93.0/24,121
20201026,2000,AS45232,103.216.93.0/24,121
20201027,0200,AS45232,103.216.93.0/24,121
20201027,0800,AS45232,103.216.93.0/24,120
20201027,1400,AS45232,103.216.93.0/24,119
20201027,2000,AS45232,103.216.93.0/24,120
20201028,0200,AS45232,103.216.93.0/24,120
20201028,0800,AS45232,103.216.93.0/24,120
20201028,1400,AS45232,103.216.93.0/24,119
20201028,2000,AS45232,103.216.93.0/24,120
20201029,0200,AS45232,103.216.93.0/24,120
20201029,0800,AS45232,103.216.93.0/24,120
20201029,1400,AS45232,103.216.93.0/24,120
20201029,2000,AS45232,103.216.93.0/24,120
20201030,0200,AS45232,103.216.93.0/24,120
20201030,0800,AS45232,103.216.93.0/24,120
20201030,1400,AS45232,103.216.93.0/24,120
20201030,2000,AS45232,103.216.93.0/24,120
0,0,0,0,0
20201001,0200,AS45232,103.216.94.0/24,111
20201001,0800,AS45232,103.216.94.0/24,111
20201001,1400,AS45232,103.216.94.0/24,111
20201001,2000,AS45232,103.216.94.0/24,111
20201002,0200,AS45232,103.216.94.0/24,110
20201002,0800,AS45232,103.216.94.0/24,110
20201002,1400,AS45232,103.216.94.0/24,110
20201002,2000,AS45232,103.216.94.0/24,108
20201003,0200,AS45232,103.216.94.0/24,109
20201003,0800,AS45232,103.216.94.0/24,109
20201003,1400,AS45232,103.216.94.0/24,109
20201003,2000,AS45232,103.216.94.0/24,109
20201004,0200,AS45232,103.216.94.0/24,108
20201004,0800,AS45232,103.216.94.0/24,108
20201004,1400,AS45232,103.216.94.0/24,108
20201004,2000,AS45232,103.216.94.0/24,109
20201005,0200,AS45232,103.216.94.0/24,109
20201005,0800,AS45232,103.216.94.0/24,109
20201005,1400,AS45232,103.216.94.0/24,109
20201005,2000,AS45232,103.216.94.0/24,109
20201006,0200,AS45232,103.216.94.0/24,109
20201006,0800,AS45232,103.216.94.0/24,108
20201006,1400,AS45232,103.216.94.0/24,112
20201006,2000,AS45232,103.216.94.0/24,113
20201007,0200,AS45232,103.216.94.0/24,113
20201007,0800,AS45232,103.216.94.0/24,113
20201007,1400,AS45232,103.216.94.0/24,113
20201007,2000,AS45232,103.216.94.0/24,113
20201008,0200,AS45232,103.216.94.0/24,113
20201008,0800,AS45232,103.216.94.0/24,113
20201008,1400,AS45232,103.216.94.0/24,112
20201008,2000,AS45232,103.216.94.0/24,112
20201009,0200,AS45232,103.216.94.0/24,112
20201009,0800,AS45232,103.216.94.0/24,112
20201009,1400,AS45232,103.216.94.0/24,111
20201009,2000,AS45232,103.216.94.0/24,111
20201010,0200,AS45232,103.216.94.0/24,111
20201010,0800,AS45232,103.216.94.0/24,111
20201010,1400,AS45232,103.216.94.0/24,111
20201010,2000,AS45232,103.216.94.0/24,111
20201011,0200,AS45232,103.216.94.0/24,112
20201011,0800,AS45232,103.216.94.0/24,114
20201011,1400,AS45232,103.216.94.0/24,114
20201011,2000,AS45232,103.216.94.0/24,114
20201012,0200,AS45232,103.216.94.0/24,114
20201012,0800,AS45232,103.216.94.0/24,114
20201012,1400,AS45232,103.216.94.0/24,114
20201012,2000,AS45232,103.216.94.0/24,112
20201013,0200,AS45232,103.216.94.0/24,114
20201013,0800,AS45232,103.216.94.0/24,114
20201013,1400,AS45232,103.216.94.0/24,114
20201013,2000,AS45232,103.216.94.0/24,114
20201014,0200,AS45232,103.216.94.0/24,114
20201014,0800,AS45232,103.216.94.0/24,114
20201014,1400,AS45232,103.216.94.0/24,113
20201014,2000,AS45232,103.216.94.0/24,113
20201015,0200,AS45232,103.216.94.0/24,113
20201015,0800,AS45232,103.216.94.0/24,113
20201015,1400,AS45232,103.216.94.0/24,113
20201015,2000,AS45232,103.216.94.0/24,113
20201016,0200,AS45232,103.216.94.0/24,113
20201016,0800,AS45232,103.216.94.0/24,113
20201016,1400,AS45232,103.216.94.0/24,112
20201016,2000,AS45232,103.216.94.0/24,113
20201017,0200,AS45232,103.216.94.0/24,113
20201017,0800,AS45232,103.216.94.0/24,113
20201017,1400,AS45232,103.216.94.0/24,113
20201017,2000,AS45232,103.216.94.0/24,113
20201018,0200,AS45232,103.216.94.0/24,113
20201018,0800,AS45232,103.216.94.0/24,113
20201018,1400,AS45232,103.216.94.0/24,113
20201018,2000,AS45232,103.216.94.0/24,113
20201019,0200,AS45232,103.216.94.0/24,113
20201019,0800,AS45232,103.216.94.0/24,113
20201019,1400,AS45232,103.216.94.0/24,113
20201019,2000,AS45232,103.216.94.0/24,113
20201020,0200,AS45232,103.216.94.0/24,113
20201020,0800,AS45232,103.216.94.0/24,110
20201020,1400,AS45232,103.216.94.0/24,113
20201020,2000,AS45232,103.216.94.0/24,113
20201021,0200,AS45232,103.216.94.0/24,112
20201021,0800,AS45232,103.216.94.0/24,113
20201021,1400,AS45232,103.216.94.0/24,112
20201021,2000,AS45232,103.216.94.0/24,113
20201022,0200,AS45232,103.216.94.0/24,113
20201022,0800,AS45232,103.216.94.0/24,113
20201022,1400,AS45232,103.216.94.0/24,115
20201022,2000,AS45232,103.216.94.0/24,115
20201023,0200,AS45232,103.216.94.0/24,115
20201023,0800,AS45232,103.216.94.0/24,115
20201023,1400,AS45232,103.216.94.0/24,115
20201023,2000,AS45232,103.216.94.0/24,120
20201024,0200,AS45232,103.216.94.0/24,120
20201024,0800,AS45232,103.216.94.0/24,120
20201024,1400,AS45232,103.216.94.0/24,120
20201024,2000,AS45232,103.216.94.0/24,120
20201025,0200,AS45232,103.216.94.0/24,120
20201025,0800,AS45232,103.216.94.0/24,120
20201025,1400,AS45232,103.216.94.0/24,120
20201025,2000,AS45232,103.216.94.0/24,120
20201026,0200,AS45232,103.216.94.0/24,121
20201026,0800,AS45232,103.216.94.0/24,121
20201026,1400,AS45232,103.216.94.0/24,121
20201026,2000,AS45232,103.216.94.0/24,121
20201027,0200,AS45232,103.216.94.0/24,121
20201027,0800,AS45232,103.216.94.0/24,120
20201027,1400,AS45232,103.216.94.0/24,119
20201027,2000,AS45232,103.216.94.0/24,120
20201028,0200,AS45232,103.216.94.0/24,120
20201028,0800,AS45232,103.216.94.0/24,120
20201028,1400,AS45232,103.216.94.0/24,119
20201028,2000,AS45232,103.216.94.0/24,120
20201029,0200,AS45232,103.216.94.0/24,120
20201029,0800,AS45232,103.216.94.0/24,120
20201029,1400,AS45232,103.216.94.0/24,120
20201029,2000,AS45232,103.216.94.0/24,120
20201030,0200,AS45232,103.216.94.0/24,120
20201030,0800,AS45232,103.216.94.0/24,120
20201030,1400,AS45232,103.216.94.0/24,120
20201030,2000,AS45232,103.216.94.0/24,120
0,0,0,0,0
20201001,0200,AS45232,103.216.95.0/24,111
20201001,0800,AS45232,103.216.95.0/24,111
20201001,1400,AS45232,103.216.95.0/24,111
20201001,2000,AS45232,103.216.95.0/24,111
20201002,0200,AS45232,103.216.95.0/24,110
20201002,0800,AS45232,103.216.95.0/24,110
20201002,1400,AS45232,103.216.95.0/24,110
20201002,2000,AS45232,103.216.95.0/24,108
20201003,0200,AS45232,103.216.95.0/24,109
20201003,0800,AS45232,103.216.95.0/24,109
20201003,1400,AS45232,103.216.95.0/24,109
20201003,2000,AS45232,103.216.95.0/24,109
20201004,0200,AS45232,103.216.95.0/24,108
20201004,0800,AS45232,103.216.95.0/24,108
20201004,1400,AS45232,103.216.95.0/24,108
20201004,2000,AS45232,103.216.95.0/24,109
20201005,0200,AS45232,103.216.95.0/24,109
20201005,0800,AS45232,103.216.95.0/24,109
20201005,1400,AS45232,103.216.95.0/24,109
20201005,2000,AS45232,103.216.95.0/24,109
20201006,0200,AS45232,103.216.95.0/24,109
20201006,0800,AS45232,103.216.95.0/24,108
20201006,1400,AS45232,103.216.95.0/24,112
20201006,2000,AS45232,103.216.95.0/24,113
20201007,0200,AS45232,103.216.95.0/24,113
20201007,0800,AS45232,103.216.95.0/24,113
20201007,1400,AS45232,103.216.95.0/24,113
20201007,2000,AS45232,103.216.95.0/24,113
20201008,0200,AS45232,103.216.95.0/24,113
20201008,0800,AS45232,103.216.95.0/24,113
20201008,1400,AS45232,103.216.95.0/24,112
20201008,2000,AS45232,103.216.95.0/24,112
20201009,0200,AS45232,103.216.95.0/24,112
20201009,0800,AS45232,103.216.95.0/24,112
20201009,1400,AS45232,103.216.95.0/24,111
20201009,2000,AS45232,103.216.95.0/24,111
20201010,0200,AS45232,103.216.95.0/24,111
20201010,0800,AS45232,103.216.95.0/24,111
20201010,1400,AS45232,103.216.95.0/24,111
20201010,2000,AS45232,103.216.95.0/24,111
20201011,0200,AS45232,103.216.95.0/24,112
20201011,0800,AS45232,103.216.95.0/24,114
20201011,1400,AS45232,103.216.95.0/24,114
20201011,2000,AS45232,103.216.95.0/24,114
20201012,0200,AS45232,103.216.95.0/24,114
20201012,0800,AS45232,103.216.95.0/24,114
20201012,1400,AS45232,103.216.95.0/24,114
20201012,2000,AS45232,103.216.95.0/24,112
20201013,0200,AS45232,103.216.95.0/24,114
20201013,0800,AS45232,103.216.95.0/24,114
20201013,1400,AS45232,103.216.95.0/24,114
20201013,2000,AS45232,103.216.95.0/24,114
20201014,0200,AS45232,103.216.95.0/24,114
20201014,0800,AS45232,103.216.95.0/24,114
20201014,1400,AS45232,103.216.95.0/24,113
20201014,2000,AS45232,103.216.95.0/24,113
20201015,0200,AS45232,103.216.95.0/24,113
20201015,0800,AS45232,103.216.95.0/24,113
20201015,1400,AS45232,103.216.95.0/24,113
20201015,2000,AS45232,103.216.95.0/24,113
20201016,0200,AS45232,103.216.95.0/24,113
20201016,0800,AS45232,103.216.95.0/24,113
20201016,1400,AS45232,103.216.95.0/24,112
20201016,2000,AS45232,103.216.95.0/24,113
20201017,0200,AS45232,103.216.95.0/24,113
20201017,0800,AS45232,103.216.95.0/24,113
20201017,1400,AS45232,103.216.95.0/24,113
20201017,2000,AS45232,103.216.95.0/24,113
20201018,0200,AS45232,103.216.95.0/24,113
20201018,0800,AS45232,103.216.95.0/24,113
20201018,1400,AS45232,103.216.95.0/24,113
20201018,2000,AS45232,103.216.95.0/24,113
20201019,0200,AS45232,103.216.95.0/24,113
20201019,0800,AS45232,103.216.95.0/24,113
20201019,1400,AS45232,103.216.95.0/24,113
20201019,2000,AS45232,103.216.95.0/24,113
20201020,0200,AS45232,103.216.95.0/24,113
20201020,0800,AS45232,103.216.95.0/24,110
20201020,1400,AS45232,103.216.95.0/24,113
20201020,2000,AS45232,103.216.95.0/24,113
20201021,0200,AS45232,103.216.95.0/24,112
20201021,0800,AS45232,103.216.95.0/24,113
20201021,1400,AS45232,103.216.95.0/24,112
20201021,2000,AS45232,103.216.95.0/24,113
20201022,0200,AS45232,103.216.95.0/24,113
20201022,0800,AS45232,103.216.95.0/24,113
20201022,1400,AS45232,103.216.95.0/24,115
20201022,2000,AS45232,103.216.95.0/24,115
20201023,0200,AS45232,103.216.95.0/24,115
20201023,0800,AS45232,103.216.95.0/24,115
20201023,1400,AS45232,103.216.95.0/24,115
20201023,2000,AS45232,103.216.95.0/24,120
20201024,0200,AS45232,103.216.95.0/24,120
20201024,0800,AS45232,103.216.95.0/24,120
20201024,1400,AS45232,103.216.95.0/24,120
20201024,2000,AS45232,103.216.95.0/24,120
20201025,0200,AS45232,103.216.95.0/24,120
20201025,0800,AS45232,103.216.95.0/24,120
20201025,1400,AS45232,103.216.95.0/24,120
20201025,2000,AS45232,103.216.95.0/24,120
20201026,0200,AS45232,103.216.95.0/24,121
20201026,0800,AS45232,103.216.95.0/24,121
20201026,1400,AS45232,103.216.95.0/24,121
20201026,2000,AS45232,103.216.95.0/24,121
20201027,0200,AS45232,103.216.95.0/24,121
20201027,0800,AS45232,103.216.95.0/24,120
20201027,1400,AS45232,103.216.95.0/24,119
20201027,2000,AS45232,103.216.95.0/24,120
20201028,0200,AS45232,103.216.95.0/24,120
20201028,0800,AS45232,103.216.95.0/24,120
20201028,1400,AS45232,103.216.95.0/24,119
20201028,2000,AS45232,103.216.95.0/24,120
20201029,0200,AS45232,103.216.95.0/24,120
20201029,0800,AS45232,103.216.95.0/24,120
20201029,1400,AS45232,103.216.95.0/24,120
20201029,2000,AS45232,103.216.95.0/24,120
20201030,0200,AS45232,103.216.95.0/24,120
20201030,0800,AS45232,103.216.95.0/24,120
20201030,1400,AS45232,103.216.95.0/24,120
20201030,2000,AS45232,103.216.95.0/24,120
0,0,0,0,0
20201001,0200,AS45232,110.232.248.0/24,111
20201001,0800,AS45232,110.232.248.0/24,111
20201001,1400,AS45232,110.232.248.0/24,111
20201001,2000,AS45232,110.232.248.0/24,111
20201002,0200,AS45232,110.232.248.0/24,110
20201002,0800,AS45232,110.232.248.0/24,110
20201002,1400,AS45232,110.232.248.0/24,110
20201002,2000,AS45232,110.232.248.0/24,108
20201003,0200,AS45232,110.232.248.0/24,109
20201003,0800,AS45232,110.232.248.0/24,109
20201003,1400,AS45232,110.232.248.0/24,109
20201003,2000,AS45232,110.232.248.0/24,109
20201004,0200,AS45232,110.232.248.0/24,108
20201004,0800,AS45232,110.232.248.0/24,108
20201004,1400,AS45232,110.232.248.0/24,108
20201004,2000,AS45232,110.232.248.0/24,109
20201005,0200,AS45232,110.232.248.0/24,109
20201005,0800,AS45232,110.232.248.0/24,109
20201005,1400,AS45232,110.232.248.0/24,109
20201005,2000,AS45232,110.232.248.0/24,109
20201006,0200,AS45232,110.232.248.0/24,109
20201006,0800,AS45232,110.232.248.0/24,108
20201006,1400,AS45232,110.232.248.0/24,112
20201006,2000,AS45232,110.232.248.0/24,113
20201007,0200,AS45232,110.232.248.0/24,113
20201007,0800,AS45232,110.232.248.0/24,113
20201007,1400,AS45232,110.232.248.0/24,113
20201007,2000,AS45232,110.232.248.0/24,113
20201008,0200,AS45232,110.232.248.0/24,113
20201008,0800,AS45232,110.232.248.0/24,113
20201008,1400,AS45232,110.232.248.0/24,112
20201008,2000,AS45232,110.232.248.0/24,112
20201009,0200,AS45232,110.232.248.0/24,112
20201009,0800,AS45232,110.232.248.0/24,112
20201009,1400,AS45232,110.232.248.0/24,111
20201009,2000,AS45232,110.232.248.0/24,111
20201010,0200,AS45232,110.232.248.0/24,111
20201010,0800,AS45232,110.232.248.0/24,111
20201010,1400,AS45232,110.232.248.0/24,111
20201010,2000,AS45232,110.232.248.0/24,111
20201011,0200,AS45232,110.232.248.0/24,112
20201011,0800,AS45232,110.232.248.0/24,114
20201011,1400,AS45232,110.232.248.0/24,114
20201011,2000,AS45232,110.232.248.0/24,114
20201012,0200,AS45232,110.232.248.0/24,114
20201012,0800,AS45232,110.232.248.0/24,114
20201012,1400,AS45232,110.232.248.0/24,114
20201012,2000,AS45232,110.232.248.0/24,112
20201013,0200,AS45232,110.232.248.0/24,114
20201013,0800,AS45232,110.232.248.0/24,114
20201013,1400,AS45232,110.232.248.0/24,114
20201013,2000,AS45232,110.232.248.0/24,114
20201014,0200,AS45232,110.232.248.0/24,114
20201014,0800,AS45232,110.232.248.0/24,114
20201014,1400,AS45232,110.232.248.0/24,113
20201014,2000,AS45232,110.232.248.0/24,113
20201015,0200,AS45232,110.232.248.0/24,113
20201015,0800,AS45232,110.232.248.0/24,113
20201015,1400,AS45232,110.232.248.0/24,113
20201015,2000,AS45232,110.232.248.0/24,113
20201016,0200,AS45232,110.232.248.0/24,113
20201016,0800,AS45232,110.232.248.0/24,113
20201016,1400,AS45232,110.232.248.0/24,112
20201016,2000,AS45232,110.232.248.0/24,113
20201017,0200,AS45232,110.232.248.0/24,113
20201017,0800,AS45232,110.232.248.0/24,113
20201017,1400,AS45232,110.232.248.0/24,113
20201017,2000,AS45232,110.232.248.0/24,113
20201018,0200,AS45232,110.232.248.0/24,113
20201018,0800,AS45232,110.232.248.0/24,113
20201018,1400,AS45232,110.232.248.0/24,113
20201018,2000,AS45232,110.232.248.0/24,113
20201019,0200,AS45232,110.232.248.0/24,113
20201019,0800,AS45232,110.232.248.0/24,113
20201019,1400,AS45232,110.232.248.0/24,113
20201019,2000,AS45232,110.232.248.0/24,113
20201020,0200,AS45232,110.232.248.0/24,113
20201020,0800,AS45232,110.232.248.0/24,108
20201020,1400,AS45232,110.232.248.0/24,113
20201020,2000,AS45232,110.232.248.0/24,113
20201021,0200,AS45232,110.232.248.0/24,112
20201021,0800,AS45232,110.232.248.0/24,113
20201021,1400,AS45232,110.232.248.0/24,112
20201021,2000,AS45232,110.232.248.0/24,113
20201022,0200,AS45232,110.232.248.0/24,113
20201022,0800,AS45232,110.232.248.0/24,113
20201022,1400,AS45232,110.232.248.0/24,115
20201022,2000,AS45232,110.232.248.0/24,115
20201023,0200,AS45232,110.232.248.0/24,115
20201023,0800,AS45232,110.232.248.0/24,115
20201023,1400,AS45232,110.232.248.0/24,115
20201023,2000,AS45232,110.232.248.0/24,120
20201024,0200,AS45232,110.232.248.0/24,120
20201024,0800,AS45232,110.232.248.0/24,120
20201024,1400,AS45232,110.232.248.0/24,120
20201024,2000,AS45232,110.232.248.0/24,120
20201025,0200,AS45232,110.232.248.0/24,120
20201025,0800,AS45232,110.232.248.0/24,120
20201025,1400,AS45232,110.232.248.0/24,120
20201025,2000,AS45232,110.232.248.0/24,120
20201026,0200,AS45232,110.232.248.0/24,121
20201026,0800,AS45232,110.232.248.0/24,121
20201026,1400,AS45232,110.232.248.0/24,121
20201026,2000,AS45232,110.232.248.0/24,121
20201027,0200,AS45232,110.232.248.0/24,121
20201027,0800,AS45232,110.232.248.0/24,120
20201027,1400,AS45232,110.232.248.0/24,119
20201027,2000,AS45232,110.232.248.0/24,120
20201028,0200,AS45232,110.232.248.0/24,120
20201028,0800,AS45232,110.232.248.0/24,120
20201028,1400,AS45232,110.232.248.0/24,119
20201028,2000,AS45232,110.232.248.0/24,120
20201029,0200,AS45232,110.232.248.0/24,120
20201029,0800,AS45232,110.232.248.0/24,120
20201029,1400,AS45232,110.232.248.0/24,120
20201029,2000,AS45232,110.232.248.0/24,120
20201030,0200,AS45232,110.232.248.0/24,120
20201030,0800,AS45232,110.232.248.0/24,120
20201030,1400,AS45232,110.232.248.0/24,120
20201030,2000,AS45232,110.232.248.0/24,120
0,0,0,0,0
20201001,0200,AS45232,110.232.249.0/24,111
20201001,0800,AS45232,110.232.249.0/24,111
20201001,1400,AS45232,110.232.249.0/24,111
20201001,2000,AS45232,110.232.249.0/24,111
20201002,0200,AS45232,110.232.249.0/24,110
20201002,0800,AS45232,110.232.249.0/24,110
20201002,1400,AS45232,110.232.249.0/24,110
20201002,2000,AS45232,110.232.249.0/24,108
20201003,0200,AS45232,110.232.249.0/24,109
20201003,0800,AS45232,110.232.249.0/24,109
20201003,1400,AS45232,110.232.249.0/24,109
20201003,2000,AS45232,110.232.249.0/24,109
20201004,0200,AS45232,110.232.249.0/24,108
20201004,0800,AS45232,110.232.249.0/24,108
20201004,1400,AS45232,110.232.249.0/24,108
20201004,2000,AS45232,110.232.249.0/24,109
20201005,0200,AS45232,110.232.249.0/24,109
20201005,0800,AS45232,110.232.249.0/24,109
20201005,1400,AS45232,110.232.249.0/24,109
20201005,2000,AS45232,110.232.249.0/24,109
20201006,0200,AS45232,110.232.249.0/24,109
20201006,0800,AS45232,110.232.249.0/24,108
20201006,1400,AS45232,110.232.249.0/24,112
20201006,2000,AS45232,110.232.249.0/24,113
20201007,0200,AS45232,110.232.249.0/24,113
20201007,0800,AS45232,110.232.249.0/24,113
20201007,1400,AS45232,110.232.249.0/24,113
20201007,2000,AS45232,110.232.249.0/24,113
20201008,0200,AS45232,110.232.249.0/24,113
20201008,0800,AS45232,110.232.249.0/24,113
20201008,1400,AS45232,110.232.249.0/24,112
20201008,2000,AS45232,110.232.249.0/24,112
20201009,0200,AS45232,110.232.249.0/24,112
20201009,0800,AS45232,110.232.249.0/24,112
20201009,1400,AS45232,110.232.249.0/24,111
20201009,2000,AS45232,110.232.249.0/24,111
20201010,0200,AS45232,110.232.249.0/24,111
20201010,0800,AS45232,110.232.249.0/24,111
20201010,1400,AS45232,110.232.249.0/24,111
20201010,2000,AS45232,110.232.249.0/24,111
20201011,0200,AS45232,110.232.249.0/24,112
20201011,0800,AS45232,110.232.249.0/24,114
20201011,1400,AS45232,110.232.249.0/24,114
20201011,2000,AS45232,110.232.249.0/24,114
20201012,0200,AS45232,110.232.249.0/24,114
20201012,0800,AS45232,110.232.249.0/24,114
20201012,1400,AS45232,110.232.249.0/24,114
20201012,2000,AS45232,110.232.249.0/24,112
20201013,0200,AS45232,110.232.249.0/24,114
20201013,0800,AS45232,110.232.249.0/24,114
20201013,1400,AS45232,110.232.249.0/24,114
20201013,2000,AS45232,110.232.249.0/24,114
20201014,0200,AS45232,110.232.249.0/24,114
20201014,0800,AS45232,110.232.249.0/24,114
20201014,1400,AS45232,110.232.249.0/24,113
20201014,2000,AS45232,110.232.249.0/24,113
20201015,0200,AS45232,110.232.249.0/24,113
20201015,0800,AS45232,110.232.249.0/24,113
20201015,1400,AS45232,110.232.249.0/24,113
20201015,2000,AS45232,110.232.249.0/24,113
20201016,0200,AS45232,110.232.249.0/24,113
20201016,0800,AS45232,110.232.249.0/24,113
20201016,1400,AS45232,110.232.249.0/24,112
20201016,2000,AS45232,110.232.249.0/24,113
20201017,0200,AS45232,110.232.249.0/24,113
20201017,0800,AS45232,110.232.249.0/24,113
20201017,1400,AS45232,110.232.249.0/24,113
20201017,2000,AS45232,110.232.249.0/24,113
20201018,0200,AS45232,110.232.249.0/24,113
20201018,0800,AS45232,110.232.249.0/24,113
20201018,1400,AS45232,110.232.249.0/24,113
20201018,2000,AS45232,110.232.249.0/24,113
20201019,0200,AS45232,110.232.249.0/24,113
20201019,0800,AS45232,110.232.249.0/24,113
20201019,1400,AS45232,110.232.249.0/24,113
20201019,2000,AS45232,110.232.249.0/24,113
20201020,0200,AS45232,110.232.249.0/24,113
20201020,0800,AS45232,110.232.249.0/24,108
20201020,1400,AS45232,110.232.249.0/24,113
20201020,2000,AS45232,110.232.249.0/24,113
20201021,0200,AS45232,110.232.249.0/24,112
20201021,0800,AS45232,110.232.249.0/24,113
20201021,1400,AS45232,110.232.249.0/24,112
20201021,2000,AS45232,110.232.249.0/24,113
20201022,0200,AS45232,110.232.249.0/24,113
20201022,0800,AS45232,110.232.249.0/24,113
20201022,1400,AS45232,110.232.249.0/24,115
20201022,2000,AS45232,110.232.249.0/24,115
20201023,0200,AS45232,110.232.249.0/24,115
20201023,0800,AS45232,110.232.249.0/24,115
20201023,1400,AS45232,110.232.249.0/24,115
20201023,2000,AS45232,110.232.249.0/24,120
20201024,0200,AS45232,110.232.249.0/24,120
20201024,0800,AS45232,110.232.249.0/24,120
20201024,1400,AS45232,110.232.249.0/24,120
20201024,2000,AS45232,110.232.249.0/24,120
20201025,0200,AS45232,110.232.249.0/24,120
20201025,0800,AS45232,110.232.249.0/24,120
20201025,1400,AS45232,110.232.249.0/24,120
20201025,2000,AS45232,110.232.249.0/24,120
20201026,0200,AS45232,110.232.249.0/24,121
20201026,0800,AS45232,110.232.249.0/24,121
20201026,1400,AS45232,110.232.249.0/24,121
20201026,2000,AS45232,110.232.249.0/24,121
20201027,0200,AS45232,110.232.249.0/24,121
20201027,0800,AS45232,110.232.249.0/24,120
20201027,1400,AS45232,110.232.249.0/24,119
20201027,2000,AS45232,110.232.249.0/24,120
20201028,0200,AS45232,110.232.249.0/24,120
20201028,0800,AS45232,110.232.249.0/24,120
20201028,1400,AS45232,110.232.249.0/24,119
20201028,2000,AS45232,110.232.249.0/24,120
20201029,0200,AS45232,110.232.249.0/24,120
20201029,0800,AS45232,110.232.249.0/24,120
20201029,1400,AS45232,110.232.249.0/24,120
20201029,2000,AS45232,110.232.249.0/24,120
20201030,0200,AS45232,110.232.249.0/24,120
20201030,0800,AS45232,110.232.249.0/24,120
20201030,1400,AS45232,110.232.249.0/24,120
20201030,2000,AS45232,110.232.249.0/24,120
0,0,0,0,0
20201001,0200,AS45232,110.232.250.0/24,111
20201001,0800,AS45232,110.232.250.0/24,111
20201001,1400,AS45232,110.232.250.0/24,111
20201001,2000,AS45232,110.232.250.0/24,111
20201002,0200,AS45232,110.232.250.0/24,110
20201002,0800,AS45232,110.232.250.0/24,110
20201002,1400,AS45232,110.232.250.0/24,110
20201002,2000,AS45232,110.232.250.0/24,108
20201003,0200,AS45232,110.232.250.0/24,109
20201003,0800,AS45232,110.232.250.0/24,109
20201003,1400,AS45232,110.232.250.0/24,109
20201003,2000,AS45232,110.232.250.0/24,109
20201004,0200,AS45232,110.232.250.0/24,108
20201004,0800,AS45232,110.232.250.0/24,108
20201004,1400,AS45232,110.232.250.0/24,108
20201004,2000,AS45232,110.232.250.0/24,109
20201005,0200,AS45232,110.232.250.0/24,109
20201005,0800,AS45232,110.232.250.0/24,109
20201005,1400,AS45232,110.232.250.0/24,109
20201005,2000,AS45232,110.232.250.0/24,109
20201006,0200,AS45232,110.232.250.0/24,109
20201006,0800,AS45232,110.232.250.0/24,108
20201006,1400,AS45232,110.232.250.0/24,112
20201006,2000,AS45232,110.232.250.0/24,113
20201007,0200,AS45232,110.232.250.0/24,113
20201007,0800,AS45232,110.232.250.0/24,113
20201007,1400,AS45232,110.232.250.0/24,113
20201007,2000,AS45232,110.232.250.0/24,113
20201008,0200,AS45232,110.232.250.0/24,113
20201008,0800,AS45232,110.232.250.0/24,113
20201008,1400,AS45232,110.232.250.0/24,112
20201008,2000,AS45232,110.232.250.0/24,112
20201009,0200,AS45232,110.232.250.0/24,112
20201009,0800,AS45232,110.232.250.0/24,112
20201009,1400,AS45232,110.232.250.0/24,111
20201009,2000,AS45232,110.232.250.0/24,111
20201010,0200,AS45232,110.232.250.0/24,111
20201010,0800,AS45232,110.232.250.0/24,111
20201010,1400,AS45232,110.232.250.0/24,111
20201010,2000,AS45232,110.232.250.0/24,111
20201011,0200,AS45232,110.232.250.0/24,112
20201011,0800,AS45232,110.232.250.0/24,114
20201011,1400,AS45232,110.232.250.0/24,114
20201011,2000,AS45232,110.232.250.0/24,114
20201012,0200,AS45232,110.232.250.0/24,114
20201012,0800,AS45232,110.232.250.0/24,114
20201012,1400,AS45232,110.232.250.0/24,114
20201012,2000,AS45232,110.232.250.0/24,112
20201013,0200,AS45232,110.232.250.0/24,114
20201013,0800,AS45232,110.232.250.0/24,114
20201013,1400,AS45232,110.232.250.0/24,114
20201013,2000,AS45232,110.232.250.0/24,114
20201014,0200,AS45232,110.232.250.0/24,114
20201014,0800,AS45232,110.232.250.0/24,114
20201014,1400,AS45232,110.232.250.0/24,113
20201014,2000,AS45232,110.232.250.0/24,113
20201015,0200,AS45232,110.232.250.0/24,113
20201015,0800,AS45232,110.232.250.0/24,113
20201015,1400,AS45232,110.232.250.0/24,113
20201015,2000,AS45232,110.232.250.0/24,113
20201016,0200,AS45232,110.232.250.0/24,113
20201016,0800,AS45232,110.232.250.0/24,113
20201016,1400,AS45232,110.232.250.0/24,112
20201016,2000,AS45232,110.232.250.0/24,113
20201017,0200,AS45232,110.232.250.0/24,113
20201017,0800,AS45232,110.232.250.0/24,113
20201017,1400,AS45232,110.232.250.0/24,113
20201017,2000,AS45232,110.232.250.0/24,113
20201018,0200,AS45232,110.232.250.0/24,113
20201018,0800,AS45232,110.232.250.0/24,113
20201018,1400,AS45232,110.232.250.0/24,113
20201018,2000,AS45232,110.232.250.0/24,113
20201019,0200,AS45232,110.232.250.0/24,113
20201019,0800,AS45232,110.232.250.0/24,113
20201019,1400,AS45232,110.232.250.0/24,113
20201019,2000,AS45232,110.232.250.0/24,113
20201020,0200,AS45232,110.232.250.0/24,113
20201020,0800,AS45232,110.232.250.0/24,108
20201020,1400,AS45232,110.232.250.0/24,113
20201020,2000,AS45232,110.232.250.0/24,113
20201021,0200,AS45232,110.232.250.0/24,112
20201021,0800,AS45232,110.232.250.0/24,113
20201021,1400,AS45232,110.232.250.0/24,112
20201021,2000,AS45232,110.232.250.0/24,113
20201022,0200,AS45232,110.232.250.0/24,113
20201022,0800,AS45232,110.232.250.0/24,113
20201022,1400,AS45232,110.232.250.0/24,115
20201022,2000,AS45232,110.232.250.0/24,115
20201023,0200,AS45232,110.232.250.0/24,115
20201023,0800,AS45232,110.232.250.0/24,115
20201023,1400,AS45232,110.232.250.0/24,115
20201023,2000,AS45232,110.232.250.0/24,120
20201024,0200,AS45232,110.232.250.0/24,120
20201024,0800,AS45232,110.232.250.0/24,120
20201024,1400,AS45232,110.232.250.0/24,120
20201024,2000,AS45232,110.232.250.0/24,120
20201025,0200,AS45232,110.232.250.0/24,120
20201025,0800,AS45232,110.232.250.0/24,120
20201025,1400,AS45232,110.232.250.0/24,120
20201025,2000,AS45232,110.232.250.0/24,120
20201026,0200,AS45232,110.232.250.0/24,121
20201026,0800,AS45232,110.232.250.0/24,121
20201026,1400,AS45232,110.232.250.0/24,121
20201026,2000,AS45232,110.232.250.0/24,121
20201027,0200,AS45232,110.232.250.0/24,121
20201027,0800,AS45232,110.232.250.0/24,120
20201027,1400,AS45232,110.232.250.0/24,119
20201027,2000,AS45232,110.232.250.0/24,120
20201028,0200,AS45232,110.232.250.0/24,120
20201028,0800,AS45232,110.232.250.0/24,120
20201028,1400,AS45232,110.232.250.0/24,119
20201028,2000,AS45232,110.232.250.0/24,120
20201029,0200,AS45232,110.232.250.0/24,120
20201029,0800,AS45232,110.232.250.0/24,120
20201029,1400,AS45232,110.232.250.0/24,120
20201029,2000,AS45232,110.232.250.0/24,120
20201030,0200,AS45232,110.232.250.0/24,120
20201030,0800,AS45232,110.232.250.0/24,120
20201030,1400,AS45232,110.232.250.0/24,120
20201030,2000,AS45232,110.232.250.0/24,120
0,0,0,0,0
20201001,0200,AS45232,110.232.251.0/24,111
20201001,0800,AS45232,110.232.251.0/24,111
20201001,1400,AS45232,110.232.251.0/24,111
20201001,2000,AS45232,110.232.251.0/24,111
20201002,0200,AS45232,110.232.251.0/24,110
20201002,0800,AS45232,110.232.251.0/24,110
20201002,1400,AS45232,110.232.251.0/24,110
20201002,2000,AS45232,110.232.251.0/24,108
20201003,0200,AS45232,110.232.251.0/24,109
20201003,0800,AS45232,110.232.251.0/24,109
20201003,1400,AS45232,110.232.251.0/24,109
20201003,2000,AS45232,110.232.251.0/24,109
20201004,0200,AS45232,110.232.251.0/24,108
20201004,0800,AS45232,110.232.251.0/24,108
20201004,1400,AS45232,110.232.251.0/24,108
20201004,2000,AS45232,110.232.251.0/24,109
20201005,0200,AS45232,110.232.251.0/24,109
20201005,0800,AS45232,110.232.251.0/24,109
20201005,1400,AS45232,110.232.251.0/24,109
20201005,2000,AS45232,110.232.251.0/24,109
20201006,0200,AS45232,110.232.251.0/24,109
20201006,0800,AS45232,110.232.251.0/24,108
20201006,1400,AS45232,110.232.251.0/24,112
20201006,2000,AS45232,110.232.251.0/24,113
20201007,0200,AS45232,110.232.251.0/24,113
20201007,0800,AS45232,110.232.251.0/24,113
20201007,1400,AS45232,110.232.251.0/24,113
20201007,2000,AS45232,110.232.251.0/24,113
20201008,0200,AS45232,110.232.251.0/24,113
20201008,0800,AS45232,110.232.251.0/24,113
20201008,1400,AS45232,110.232.251.0/24,112
20201008,2000,AS45232,110.232.251.0/24,112
20201009,0200,AS45232,110.232.251.0/24,112
20201009,0800,AS45232,110.232.251.0/24,112
20201009,1400,AS45232,110.232.251.0/24,111
20201009,2000,AS45232,110.232.251.0/24,111
20201010,0200,AS45232,110.232.251.0/24,111
20201010,0800,AS45232,110.232.251.0/24,111
20201010,1400,AS45232,110.232.251.0/24,111
20201010,2000,AS45232,110.232.251.0/24,111
20201011,0200,AS45232,110.232.251.0/24,112
20201011,0800,AS45232,110.232.251.0/24,114
20201011,1400,AS45232,110.232.251.0/24,114
20201011,2000,AS45232,110.232.251.0/24,114
20201012,0200,AS45232,110.232.251.0/24,114
20201012,0800,AS45232,110.232.251.0/24,114
20201012,1400,AS45232,110.232.251.0/24,114
20201012,2000,AS45232,110.232.251.0/24,112
20201013,0200,AS45232,110.232.251.0/24,114
20201013,0800,AS45232,110.232.251.0/24,114
20201013,1400,AS45232,110.232.251.0/24,114
20201013,2000,AS45232,110.232.251.0/24,114
20201014,0200,AS45232,110.232.251.0/24,114
20201014,0800,AS45232,110.232.251.0/24,114
20201014,1400,AS45232,110.232.251.0/24,113
20201014,2000,AS45232,110.232.251.0/24,113
20201015,0200,AS45232,110.232.251.0/24,113
20201015,0800,AS45232,110.232.251.0/24,113
20201015,1400,AS45232,110.232.251.0/24,113
20201015,2000,AS45232,110.232.251.0/24,113
20201016,0200,AS45232,110.232.251.0/24,113
20201016,0800,AS45232,110.232.251.0/24,113
20201016,1400,AS45232,110.232.251.0/24,112
20201016,2000,AS45232,110.232.251.0/24,113
20201017,0200,AS45232,110.232.251.0/24,113
20201017,0800,AS45232,110.232.251.0/24,113
20201017,1400,AS45232,110.232.251.0/24,113
20201017,2000,AS45232,110.232.251.0/24,113
20201018,0200,AS45232,110.232.251.0/24,113
20201018,0800,AS45232,110.232.251.0/24,113
20201018,1400,AS45232,110.232.251.0/24,113
20201018,2000,AS45232,110.232.251.0/24,113
20201019,0200,AS45232,110.232.251.0/24,113
20201019,0800,AS45232,110.232.251.0/24,113
20201019,1400,AS45232,110.232.251.0/24,113
20201019,2000,AS45232,110.232.251.0/24,113
20201020,0200,AS45232,110.232.251.0/24,113
20201020,0800,AS45232,110.232.251.0/24,108
20201020,1400,AS45232,110.232.251.0/24,113
20201020,2000,AS45232,110.232.251.0/24,113
20201021,0200,AS45232,110.232.251.0/24,112
20201021,0800,AS45232,110.232.251.0/24,113
20201021,1400,AS45232,110.232.251.0/24,112
20201021,2000,AS45232,110.232.251.0/24,113
20201022,0200,AS45232,110.232.251.0/24,113
20201022,0800,AS45232,110.232.251.0/24,113
20201022,1400,AS45232,110.232.251.0/24,115
20201022,2000,AS45232,110.232.251.0/24,115
20201023,0200,AS45232,110.232.251.0/24,115
20201023,0800,AS45232,110.232.251.0/24,115
20201023,1400,AS45232,110.232.251.0/24,115
20201023,2000,AS45232,110.232.251.0/24,120
20201024,0200,AS45232,110.232.251.0/24,120
20201024,0800,AS45232,110.232.251.0/24,120
20201024,1400,AS45232,110.232.251.0/24,120
20201024,2000,AS45232,110.232.251.0/24,120
20201025,0200,AS45232,110.232.251.0/24,120
20201025,0800,AS45232,110.232.251.0/24,120
20201025,1400,AS45232,110.232.251.0/24,120
20201025,2000,AS45232,110.232.251.0/24,120
20201026,0200,AS45232,110.232.251.0/24,121
20201026,0800,AS45232,110.232.251.0/24,121
20201026,1400,AS45232,110.232.251.0/24,121
20201026,2000,AS45232,110.232.251.0/24,121
20201027,0200,AS45232,110.232.251.0/24,121
20201027,0800,AS45232,110.232.251.0/24,120
20201027,1400,AS45232,110.232.251.0/24,119
20201027,2000,AS45232,110.232.251.0/24,120
20201028,0200,AS45232,110.232.251.0/24,120
20201028,0800,AS45232,110.232.251.0/24,120
20201028,1400,AS45232,110.232.251.0/24,119
20201028,2000,AS45232,110.232.251.0/24,120
20201029,0200,AS45232,110.232.251.0/24,120
20201029,0800,AS45232,110.232.251.0/24,120
20201029,1400,AS45232,110.232.251.0/24,120
20201029,2000,AS45232,110.232.251.0/24,120
20201030,0200,AS45232,110.232.251.0/24,120
20201030,0800,AS45232,110.232.251.0/24,120
20201030,1400,AS45232,110.232.251.0/24,120
20201030,2000,AS45232,110.232.251.0/24,120
0,0,0,0,0
20201001,0200,AS45232,110.232.252.0/24,111
20201001,0800,AS45232,110.232.252.0/24,111
20201001,1400,AS45232,110.232.252.0/24,111
20201001,2000,AS45232,110.232.252.0/24,111
20201002,0200,AS45232,110.232.252.0/24,110
20201002,0800,AS45232,110.232.252.0/24,110
20201002,1400,AS45232,110.232.252.0/24,110
20201002,2000,AS45232,110.232.252.0/24,108
20201003,0200,AS45232,110.232.252.0/24,109
20201003,0800,AS45232,110.232.252.0/24,109
20201003,1400,AS45232,110.232.252.0/24,109
20201003,2000,AS45232,110.232.252.0/24,109
20201004,0200,AS45232,110.232.252.0/24,108
20201004,0800,AS45232,110.232.252.0/24,108
20201004,1400,AS45232,110.232.252.0/24,108
20201004,2000,AS45232,110.232.252.0/24,109
20201005,0200,AS45232,110.232.252.0/24,109
20201005,0800,AS45232,110.232.252.0/24,109
20201005,1400,AS45232,110.232.252.0/24,109
20201005,2000,AS45232,110.232.252.0/24,109
20201006,0200,AS45232,110.232.252.0/24,109
20201006,0800,AS45232,110.232.252.0/24,108
20201006,1400,AS45232,110.232.252.0/24,112
20201006,2000,AS45232,110.232.252.0/24,113
20201007,0200,AS45232,110.232.252.0/24,113
20201007,0800,AS45232,110.232.252.0/24,113
20201007,1400,AS45232,110.232.252.0/24,113
20201007,2000,AS45232,110.232.252.0/24,113
20201008,0200,AS45232,110.232.252.0/24,113
20201008,0800,AS45232,110.232.252.0/24,113
20201008,1400,AS45232,110.232.252.0/24,112
20201008,2000,AS45232,110.232.252.0/24,112
20201009,0200,AS45232,110.232.252.0/24,112
20201009,0800,AS45232,110.232.252.0/24,112
20201009,1400,AS45232,110.232.252.0/24,111
20201009,2000,AS45232,110.232.252.0/24,111
20201010,0200,AS45232,110.232.252.0/24,111
20201010,0800,AS45232,110.232.252.0/24,111
20201010,1400,AS45232,110.232.252.0/24,111
20201010,2000,AS45232,110.232.252.0/24,111
20201011,0200,AS45232,110.232.252.0/24,112
20201011,0800,AS45232,110.232.252.0/24,114
20201011,1400,AS45232,110.232.252.0/24,114
20201011,2000,AS45232,110.232.252.0/24,114
20201012,0200,AS45232,110.232.252.0/24,114
20201012,0800,AS45232,110.232.252.0/24,114
20201012,1400,AS45232,110.232.252.0/24,114
20201012,2000,AS45232,110.232.252.0/24,112
20201013,0200,AS45232,110.232.252.0/24,114
20201013,0800,AS45232,110.232.252.0/24,114
20201013,1400,AS45232,110.232.252.0/24,114
20201013,2000,AS45232,110.232.252.0/24,114
20201014,0200,AS45232,110.232.252.0/24,114
20201014,0800,AS45232,110.232.252.0/24,114
20201014,1400,AS45232,110.232.252.0/24,113
20201014,2000,AS45232,110.232.252.0/24,113
20201015,0200,AS45232,110.232.252.0/24,113
20201015,0800,AS45232,110.232.252.0/24,113
20201015,1400,AS45232,110.232.252.0/24,113
20201015,2000,AS45232,110.232.252.0/24,113
20201016,0200,AS45232,110.232.252.0/24,113
20201016,0800,AS45232,110.232.252.0/24,113
20201016,1400,AS45232,110.232.252.0/24,112
20201016,2000,AS45232,110.232.252.0/24,113
20201017,0200,AS45232,110.232.252.0/24,113
20201017,0800,AS45232,110.232.252.0/24,113
20201017,1400,AS45232,110.232.252.0/24,113
20201017,2000,AS45232,110.232.252.0/24,113
20201018,0200,AS45232,110.232.252.0/24,113
20201018,0800,AS45232,110.232.252.0/24,113
20201018,1400,AS45232,110.232.252.0/24,113
20201018,2000,AS45232,110.232.252.0/24,113
20201019,0200,AS45232,110.232.252.0/24,113
20201019,0800,AS45232,110.232.252.0/24,113
20201019,1400,AS45232,110.232.252.0/24,113
20201019,2000,AS45232,110.232.252.0/24,113
20201020,0200,AS45232,110.232.252.0/24,113
20201020,0800,AS45232,110.232.252.0/24,108
20201020,1400,AS45232,110.232.252.0/24,113
20201020,2000,AS45232,110.232.252.0/24,113
20201021,0200,AS45232,110.232.252.0/24,112
20201021,0800,AS45232,110.232.252.0/24,113
20201021,1400,AS45232,110.232.252.0/24,112
20201021,2000,AS45232,110.232.252.0/24,113
20201022,0200,AS45232,110.232.252.0/24,113
20201022,0800,AS45232,110.232.252.0/24,113
20201022,1400,AS45232,110.232.252.0/24,115
20201022,2000,AS45232,110.232.252.0/24,115
20201023,0200,AS45232,110.232.252.0/24,115
20201023,0800,AS45232,110.232.252.0/24,115
20201023,1400,AS45232,110.232.252.0/24,115
20201023,2000,AS45232,110.232.252.0/24,120
20201024,0200,AS45232,110.232.252.0/24,120
20201024,0800,AS45232,110.232.252.0/24,120
20201024,1400,AS45232,110.232.252.0/24,120
20201024,2000,AS45232,110.232.252.0/24,120
20201025,0200,AS45232,110.232.252.0/24,120
20201025,0800,AS45232,110.232.252.0/24,120
20201025,1400,AS45232,110.232.252.0/24,120
20201025,2000,AS45232,110.232.252.0/24,120
20201026,0200,AS45232,110.232.252.0/24,121
20201026,0800,AS45232,110.232.252.0/24,121
20201026,1400,AS45232,110.232.252.0/24,121
20201026,2000,AS45232,110.232.252.0/24,121
20201027,0200,AS45232,110.232.252.0/24,121
20201027,0800,AS45232,110.232.252.0/24,120
20201027,1400,AS45232,110.232.252.0/24,119
20201027,2000,AS45232,110.232.252.0/24,120
20201028,0200,AS45232,110.232.252.0/24,120
20201028,0800,AS45232,110.232.252.0/24,120
20201028,1400,AS45232,110.232.252.0/24,119
20201028,2000,AS45232,110.232.252.0/24,120
20201029,0200,AS45232,110.232.252.0/24,120
20201029,0800,AS45232,110.232.252.0/24,120
20201029,1400,AS45232,110.232.252.0/24,120
20201029,2000,AS45232,110.232.252.0/24,120
20201030,0200,AS45232,110.232.252.0/24,120
20201030,0800,AS45232,110.232.252.0/24,120
20201030,1400,AS45232,110.232.252.0/24,120
20201030,2000,AS45232,110.232.252.0/24,120
0,0,0,0,0
20201001,0200,AS45232,110.232.253.0/24,111
20201001,0800,AS45232,110.232.253.0/24,111
20201001,1400,AS45232,110.232.253.0/24,111
20201001,2000,AS45232,110.232.253.0/24,111
20201002,0200,AS45232,110.232.253.0/24,110
20201002,0800,AS45232,110.232.253.0/24,110
20201002,1400,AS45232,110.232.253.0/24,110
20201002,2000,AS45232,110.232.253.0/24,108
20201003,0200,AS45232,110.232.253.0/24,109
20201003,0800,AS45232,110.232.253.0/24,109
20201003,1400,AS45232,110.232.253.0/24,109
20201003,2000,AS45232,110.232.253.0/24,109
20201004,0200,AS45232,110.232.253.0/24,108
20201004,0800,AS45232,110.232.253.0/24,108
20201004,1400,AS45232,110.232.253.0/24,108
20201004,2000,AS45232,110.232.253.0/24,109
20201005,0200,AS45232,110.232.253.0/24,109
20201005,0800,AS45232,110.232.253.0/24,109
20201005,1400,AS45232,110.232.253.0/24,109
20201005,2000,AS45232,110.232.253.0/24,109
20201006,0200,AS45232,110.232.253.0/24,109
20201006,0800,AS45232,110.232.253.0/24,108
20201006,1400,AS45232,110.232.253.0/24,112
20201006,2000,AS45232,110.232.253.0/24,113
20201007,0200,AS45232,110.232.253.0/24,113
20201007,0800,AS45232,110.232.253.0/24,113
20201007,1400,AS45232,110.232.253.0/24,113
20201007,2000,AS45232,110.232.253.0/24,113
20201008,0200,AS45232,110.232.253.0/24,113
20201008,0800,AS45232,110.232.253.0/24,113
20201008,1400,AS45232,110.232.253.0/24,112
20201008,2000,AS45232,110.232.253.0/24,112
20201009,0200,AS45232,110.232.253.0/24,112
20201009,0800,AS45232,110.232.253.0/24,112
20201009,1400,AS45232,110.232.253.0/24,111
20201009,2000,AS45232,110.232.253.0/24,111
20201010,0200,AS45232,110.232.253.0/24,111
20201010,0800,AS45232,110.232.253.0/24,111
20201010,1400,AS45232,110.232.253.0/24,111
20201010,2000,AS45232,110.232.253.0/24,111
20201011,0200,AS45232,110.232.253.0/24,112
20201011,0800,AS45232,110.232.253.0/24,114
20201011,1400,AS45232,110.232.253.0/24,114
20201011,2000,AS45232,110.232.253.0/24,114
20201012,0200,AS45232,110.232.253.0/24,114
20201012,0800,AS45232,110.232.253.0/24,114
20201012,1400,AS45232,110.232.253.0/24,114
20201012,2000,AS45232,110.232.253.0/24,112
20201013,0200,AS45232,110.232.253.0/24,114
20201013,0800,AS45232,110.232.253.0/24,114
20201013,1400,AS45232,110.232.253.0/24,114
20201013,2000,AS45232,110.232.253.0/24,114
20201014,0200,AS45232,110.232.253.0/24,114
20201014,0800,AS45232,110.232.253.0/24,114
20201014,1400,AS45232,110.232.253.0/24,113
20201014,2000,AS45232,110.232.253.0/24,113
20201015,0200,AS45232,110.232.253.0/24,113
20201015,0800,AS45232,110.232.253.0/24,113
20201015,1400,AS45232,110.232.253.0/24,113
20201015,2000,AS45232,110.232.253.0/24,113
20201016,0200,AS45232,110.232.253.0/24,113
20201016,0800,AS45232,110.232.253.0/24,113
20201016,1400,AS45232,110.232.253.0/24,112
20201016,2000,AS45232,110.232.253.0/24,113
20201017,0200,AS45232,110.232.253.0/24,113
20201017,0800,AS45232,110.232.253.0/24,113
20201017,1400,AS45232,110.232.253.0/24,113
20201017,2000,AS45232,110.232.253.0/24,113
20201018,0200,AS45232,110.232.253.0/24,113
20201018,0800,AS45232,110.232.253.0/24,113
20201018,1400,AS45232,110.232.253.0/24,113
20201018,2000,AS45232,110.232.253.0/24,113
20201019,0200,AS45232,110.232.253.0/24,113
20201019,0800,AS45232,110.232.253.0/24,113
20201019,1400,AS45232,110.232.253.0/24,113
20201019,2000,AS45232,110.232.253.0/24,113
20201020,0200,AS45232,110.232.253.0/24,113
20201020,0800,AS45232,110.232.253.0/24,108
20201020,1400,AS45232,110.232.253.0/24,113
20201020,2000,AS45232,110.232.253.0/24,113
20201021,0200,AS45232,110.232.253.0/24,112
20201021,0800,AS45232,110.232.253.0/24,113
20201021,1400,AS45232,110.232.253.0/24,112
20201021,2000,AS45232,110.232.253.0/24,113
20201022,0200,AS45232,110.232.253.0/24,113
20201022,0800,AS45232,110.232.253.0/24,113
20201022,1400,AS45232,110.232.253.0/24,115
20201022,2000,AS45232,110.232.253.0/24,115
20201023,0200,AS45232,110.232.253.0/24,115
20201023,0800,AS45232,110.232.253.0/24,115
20201023,1400,AS45232,110.232.253.0/24,115
20201023,2000,AS45232,110.232.253.0/24,120
20201024,0200,AS45232,110.232.253.0/24,120
20201024,0800,AS45232,110.232.253.0/24,120
20201024,1400,AS45232,110.232.253.0/24,120
20201024,2000,AS45232,110.232.253.0/24,120
20201025,0200,AS45232,110.232.253.0/24,120
20201025,0800,AS45232,110.232.253.0/24,120
20201025,1400,AS45232,110.232.253.0/24,120
20201025,2000,AS45232,110.232.253.0/24,120
20201026,0200,AS45232,110.232.253.0/24,121
20201026,0800,AS45232,110.232.253.0/24,121
20201026,1400,AS45232,110.232.253.0/24,121
20201026,2000,AS45232,110.232.253.0/24,121
20201027,0200,AS45232,110.232.253.0/24,121
20201027,0800,AS45232,110.232.253.0/24,120
20201027,1400,AS45232,110.232.253.0/24,119
20201027,2000,AS45232,110.232.253.0/24,120
20201028,0200,AS45232,110.232.253.0/24,120
20201028,0800,AS45232,110.232.253.0/24,120
20201028,1400,AS45232,110.232.253.0/24,119
20201028,2000,AS45232,110.232.253.0/24,120
20201029,0200,AS45232,110.232.253.0/24,120
20201029,0800,AS45232,110.232.253.0/24,120
20201029,1400,AS45232,110.232.253.0/24,120
20201029,2000,AS45232,110.232.253.0/24,120
20201030,0200,AS45232,110.232.253.0/24,120
20201030,0800,AS45232,110.232.253.0/24,120
20201030,1400,AS45232,110.232.253.0/24,120
20201030,2000,AS45232,110.232.253.0/24,120
0,0,0,0,0
20201001,0200,AS45232,110.232.254.0/24,111
20201001,0800,AS45232,110.232.254.0/24,111
20201001,1400,AS45232,110.232.254.0/24,111
20201001,2000,AS45232,110.232.254.0/24,111
20201002,0200,AS45232,110.232.254.0/24,110
20201002,0800,AS45232,110.232.254.0/24,110
20201002,1400,AS45232,110.232.254.0/24,110
20201002,2000,AS45232,110.232.254.0/24,108
20201003,0200,AS45232,110.232.254.0/24,109
20201003,0800,AS45232,110.232.254.0/24,109
20201003,1400,AS45232,110.232.254.0/24,109
20201003,2000,AS45232,110.232.254.0/24,109
20201004,0200,AS45232,110.232.254.0/24,108
20201004,0800,AS45232,110.232.254.0/24,108
20201004,1400,AS45232,110.232.254.0/24,108
20201004,2000,AS45232,110.232.254.0/24,109
20201005,0200,AS45232,110.232.254.0/24,109
20201005,0800,AS45232,110.232.254.0/24,109
20201005,1400,AS45232,110.232.254.0/24,109
20201005,2000,AS45232,110.232.254.0/24,109
20201006,0200,AS45232,110.232.254.0/24,109
20201006,0800,AS45232,110.232.254.0/24,108
20201006,1400,AS45232,110.232.254.0/24,112
20201006,2000,AS45232,110.232.254.0/24,113
20201007,0200,AS45232,110.232.254.0/24,113
20201007,0800,AS45232,110.232.254.0/24,113
20201007,1400,AS45232,110.232.254.0/24,113
20201007,2000,AS45232,110.232.254.0/24,113
20201008,0200,AS45232,110.232.254.0/24,113
20201008,0800,AS45232,110.232.254.0/24,113
20201008,1400,AS45232,110.232.254.0/24,112
20201008,2000,AS45232,110.232.254.0/24,112
20201009,0200,AS45232,110.232.254.0/24,112
20201009,0800,AS45232,110.232.254.0/24,112
20201009,1400,AS45232,110.232.254.0/24,111
20201009,2000,AS45232,110.232.254.0/24,111
20201010,0200,AS45232,110.232.254.0/24,111
20201010,0800,AS45232,110.232.254.0/24,111
20201010,1400,AS45232,110.232.254.0/24,111
20201010,2000,AS45232,110.232.254.0/24,111
20201011,0200,AS45232,110.232.254.0/24,112
20201011,0800,AS45232,110.232.254.0/24,114
20201011,1400,AS45232,110.232.254.0/24,114
20201011,2000,AS45232,110.232.254.0/24,114
20201012,0200,AS45232,110.232.254.0/24,114
20201012,0800,AS45232,110.232.254.0/24,114
20201012,1400,AS45232,110.232.254.0/24,114
20201012,2000,AS45232,110.232.254.0/24,112
20201013,0200,AS45232,110.232.254.0/24,114
20201013,0800,AS45232,110.232.254.0/24,114
20201013,1400,AS45232,110.232.254.0/24,114
20201013,2000,AS45232,110.232.254.0/24,114
20201014,0200,AS45232,110.232.254.0/24,114
20201014,0800,AS45232,110.232.254.0/24,114
20201014,1400,AS45232,110.232.254.0/24,113
20201014,2000,AS45232,110.232.254.0/24,113
20201015,0200,AS45232,110.232.254.0/24,113
20201015,0800,AS45232,110.232.254.0/24,113
20201015,1400,AS45232,110.232.254.0/24,113
20201015,2000,AS45232,110.232.254.0/24,113
20201016,0200,AS45232,110.232.254.0/24,113
20201016,0800,AS45232,110.232.254.0/24,113
20201016,1400,AS45232,110.232.254.0/24,112
20201016,2000,AS45232,110.232.254.0/24,113
20201017,0200,AS45232,110.232.254.0/24,113
20201017,0800,AS45232,110.232.254.0/24,113
20201017,1400,AS45232,110.232.254.0/24,113
20201017,2000,AS45232,110.232.254.0/24,113
20201018,0200,AS45232,110.232.254.0/24,113
20201018,0800,AS45232,110.232.254.0/24,113
20201018,1400,AS45232,110.232.254.0/24,113
20201018,2000,AS45232,110.232.254.0/24,113
20201019,0200,AS45232,110.232.254.0/24,113
20201019,0800,AS45232,110.232.254.0/24,113
20201019,1400,AS45232,110.232.254.0/24,113
20201019,2000,AS45232,110.232.254.0/24,113
20201020,0200,AS45232,110.232.254.0/24,113
20201020,0800,AS45232,110.232.254.0/24,108
20201020,1400,AS45232,110.232.254.0/24,113
20201020,2000,AS45232,110.232.254.0/24,113
20201021,0200,AS45232,110.232.254.0/24,112
20201021,0800,AS45232,110.232.254.0/24,113
20201021,1400,AS45232,110.232.254.0/24,112
20201021,2000,AS45232,110.232.254.0/24,113
20201022,0200,AS45232,110.232.254.0/24,113
20201022,0800,AS45232,110.232.254.0/24,113
20201022,1400,AS45232,110.232.254.0/24,115
20201022,2000,AS45232,110.232.254.0/24,115
20201023,0200,AS45232,110.232.254.0/24,115
20201023,0800,AS45232,110.232.254.0/24,115
20201023,1400,AS45232,110.232.254.0/24,115
20201023,2000,AS45232,110.232.254.0/24,120
20201024,0200,AS45232,110.232.254.0/24,120
20201024,0800,AS45232,110.232.254.0/24,120
20201024,1400,AS45232,110.232.254.0/24,120
20201024,2000,AS45232,110.232.254.0/24,120
20201025,0200,AS45232,110.232.254.0/24,120
20201025,0800,AS45232,110.232.254.0/24,120
20201025,1400,AS45232,110.232.254.0/24,120
20201025,2000,AS45232,110.232.254.0/24,120
20201026,0200,AS45232,110.232.254.0/24,121
20201026,0800,AS45232,110.232.254.0/24,121
20201026,1400,AS45232,110.232.254.0/24,121
20201026,2000,AS45232,110.232.254.0/24,121
20201027,0200,AS45232,110.232.254.0/24,121
20201027,0800,AS45232,110.232.254.0/24,120
20201027,1400,AS45232,110.232.254.0/24,119
20201027,2000,AS45232,110.232.254.0/24,120
20201028,0200,AS45232,110.232.254.0/24,120
20201028,0800,AS45232,110.232.254.0/24,120
20201028,1400,AS45232,110.232.254.0/24,119
20201028,2000,AS45232,110.232.254.0/24,120
20201029,0200,AS45232,110.232.254.0/24,120
20201029,0800,AS45232,110.232.254.0/24,120
20201029,1400,AS45232,110.232.254.0/24,120
20201029,2000,AS45232,110.232.254.0/24,120
20201030,0200,AS45232,110.232.254.0/24,120
20201030,0800,AS45232,110.232.254.0/24,120
20201030,1400,AS45232,110.232.254.0/24,120
20201030,2000,AS45232,110.232.254.0/24,120
0,0,0,0,0
20201001,0200,AS45232,111.125.136.0/24,111
20201001,0800,AS45232,111.125.136.0/24,111
20201001,1400,AS45232,111.125.136.0/24,111
20201001,2000,AS45232,111.125.136.0/24,111
20201002,0200,AS45232,111.125.136.0/24,110
20201002,0800,AS45232,111.125.136.0/24,110
20201002,1400,AS45232,111.125.136.0/24,110
20201002,2000,AS45232,111.125.136.0/24,108
20201003,0200,AS45232,111.125.136.0/24,109
20201003,0800,AS45232,111.125.136.0/24,109
20201003,1400,AS45232,111.125.136.0/24,109
20201003,2000,AS45232,111.125.136.0/24,109
20201004,0200,AS45232,111.125.136.0/24,108
20201004,0800,AS45232,111.125.136.0/24,108
20201004,1400,AS45232,111.125.136.0/24,108
20201004,2000,AS45232,111.125.136.0/24,109
20201005,0200,AS45232,111.125.136.0/24,109
20201005,0800,AS45232,111.125.136.0/24,109
20201005,1400,AS45232,111.125.136.0/24,109
20201005,2000,AS45232,111.125.136.0/24,109
20201006,0200,AS45232,111.125.136.0/24,109
20201006,0800,AS45232,111.125.136.0/24,108
20201006,1400,AS45232,111.125.136.0/24,112
20201006,2000,AS45232,111.125.136.0/24,113
20201007,0200,AS45232,111.125.136.0/24,113
20201007,0800,AS45232,111.125.136.0/24,113
20201007,1400,AS45232,111.125.136.0/24,113
20201007,2000,AS45232,111.125.136.0/24,113
20201008,0200,AS45232,111.125.136.0/24,113
20201008,0800,AS45232,111.125.136.0/24,113
20201008,1400,AS45232,111.125.136.0/24,112
20201008,2000,AS45232,111.125.136.0/24,112
20201009,0200,AS45232,111.125.136.0/24,112
20201009,0800,AS45232,111.125.136.0/24,112
20201009,1400,AS45232,111.125.136.0/24,111
20201009,2000,AS45232,111.125.136.0/24,111
20201010,0200,AS45232,111.125.136.0/24,111
20201010,0800,AS45232,111.125.136.0/24,111
20201010,1400,AS45232,111.125.136.0/24,111
20201010,2000,AS45232,111.125.136.0/24,111
20201011,0200,AS45232,111.125.136.0/24,112
20201011,0800,AS45232,111.125.136.0/24,114
20201011,1400,AS45232,111.125.136.0/24,114
20201011,2000,AS45232,111.125.136.0/24,114
20201012,0200,AS45232,111.125.136.0/24,114
20201012,0800,AS45232,111.125.136.0/24,114
20201012,1400,AS45232,111.125.136.0/24,114
20201012,2000,AS45232,111.125.136.0/24,112
20201013,0200,AS45232,111.125.136.0/24,114
20201013,0800,AS45232,111.125.136.0/24,114
20201013,1400,AS45232,111.125.136.0/24,114
20201013,2000,AS45232,111.125.136.0/24,114
20201014,0200,AS45232,111.125.136.0/24,114
20201014,0800,AS45232,111.125.136.0/24,114
20201014,1400,AS45232,111.125.136.0/24,113
20201014,2000,AS45232,111.125.136.0/24,113
20201015,0200,AS45232,111.125.136.0/24,113
20201015,0800,AS45232,111.125.136.0/24,113
20201015,1400,AS45232,111.125.136.0/24,113
20201015,2000,AS45232,111.125.136.0/24,113
20201016,0200,AS45232,111.125.136.0/24,113
20201016,0800,AS45232,111.125.136.0/24,113
20201016,1400,AS45232,111.125.136.0/24,112
20201016,2000,AS45232,111.125.136.0/24,113
20201017,0200,AS45232,111.125.136.0/24,113
20201017,0800,AS45232,111.125.136.0/24,113
20201017,1400,AS45232,111.125.136.0/24,113
20201017,2000,AS45232,111.125.136.0/24,113
20201018,0200,AS45232,111.125.136.0/24,113
20201018,0800,AS45232,111.125.136.0/24,113
20201018,1400,AS45232,111.125.136.0/24,113
20201018,2000,AS45232,111.125.136.0/24,113
20201019,0200,AS45232,111.125.136.0/24,113
20201019,0800,AS45232,111.125.136.0/24,113
20201019,1400,AS45232,111.125.136.0/24,113
20201019,2000,AS45232,111.125.136.0/24,113
20201020,0200,AS45232,111.125.136.0/24,113
20201020,0800,AS45232,111.125.136.0/24,108
20201020,1400,AS45232,111.125.136.0/24,113
20201020,2000,AS45232,111.125.136.0/24,113
20201021,0200,AS45232,111.125.136.0/24,112
20201021,0800,AS45232,111.125.136.0/24,113
20201021,1400,AS45232,111.125.136.0/24,112
20201021,2000,AS45232,111.125.136.0/24,113
20201022,0200,AS45232,111.125.136.0/24,113
20201022,0800,AS45232,111.125.136.0/24,113
20201022,1400,AS45232,111.125.136.0/24,115
20201022,2000,AS45232,111.125.136.0/24,115
20201023,0200,AS45232,111.125.136.0/24,115
20201023,0800,AS45232,111.125.136.0/24,115
20201023,1400,AS45232,111.125.136.0/24,115
20201023,2000,AS45232,111.125.136.0/24,120
20201024,0200,AS45232,111.125.136.0/24,120
20201024,0800,AS45232,111.125.136.0/24,120
20201024,1400,AS45232,111.125.136.0/24,120
20201024,2000,AS45232,111.125.136.0/24,120
20201025,0200,AS45232,111.125.136.0/24,120
20201025,0800,AS45232,111.125.136.0/24,120
20201025,1400,AS45232,111.125.136.0/24,120
20201025,2000,AS45232,111.125.136.0/24,120
20201026,0200,AS45232,111.125.136.0/24,121
20201026,0800,AS45232,111.125.136.0/24,121
20201026,1400,AS45232,111.125.136.0/24,121
20201026,2000,AS45232,111.125.136.0/24,121
20201027,0200,AS45232,111.125.136.0/24,121
20201027,0800,AS45232,111.125.136.0/24,120
20201027,1400,AS45232,111.125.136.0/24,119
20201027,2000,AS45232,111.125.136.0/24,120
20201028,0200,AS45232,111.125.136.0/24,120
20201028,0800,AS45232,111.125.136.0/24,120
20201028,1400,AS45232,111.125.136.0/24,119
20201028,2000,AS45232,111.125.136.0/24,120
20201029,0200,AS45232,111.125.136.0/24,120
20201029,0800,AS45232,111.125.136.0/24,120
20201029,1400,AS45232,111.125.136.0/24,120
20201029,2000,AS45232,111.125.136.0/24,120
20201030,0200,AS45232,111.125.136.0/24,120
20201030,0800,AS45232,111.125.136.0/24,120
20201030,1400,AS45232,111.125.136.0/24,120
20201030,2000,AS45232,111.125.136.0/24,120
0,0,0,0,0
20201001,0200,AS45232,111.125.137.0/24,111
20201001,0800,AS45232,111.125.137.0/24,111
20201001,1400,AS45232,111.125.137.0/24,111
20201001,2000,AS45232,111.125.137.0/24,111
20201002,0200,AS45232,111.125.137.0/24,110
20201002,0800,AS45232,111.125.137.0/24,110
20201002,1400,AS45232,111.125.137.0/24,110
20201002,2000,AS45232,111.125.137.0/24,108
20201003,0200,AS45232,111.125.137.0/24,109
20201003,0800,AS45232,111.125.137.0/24,109
20201003,1400,AS45232,111.125.137.0/24,109
20201003,2000,AS45232,111.125.137.0/24,109
20201004,0200,AS45232,111.125.137.0/24,108
20201004,0800,AS45232,111.125.137.0/24,108
20201004,1400,AS45232,111.125.137.0/24,108
20201004,2000,AS45232,111.125.137.0/24,109
20201005,0200,AS45232,111.125.137.0/24,109
20201005,0800,AS45232,111.125.137.0/24,109
20201005,1400,AS45232,111.125.137.0/24,109
20201005,2000,AS45232,111.125.137.0/24,109
20201006,0200,AS45232,111.125.137.0/24,109
20201006,0800,AS45232,111.125.137.0/24,108
20201006,1400,AS45232,111.125.137.0/24,112
20201006,2000,AS45232,111.125.137.0/24,113
20201007,0200,AS45232,111.125.137.0/24,113
20201007,0800,AS45232,111.125.137.0/24,113
20201007,1400,AS45232,111.125.137.0/24,113
20201007,2000,AS45232,111.125.137.0/24,113
20201008,0200,AS45232,111.125.137.0/24,113
20201008,0800,AS45232,111.125.137.0/24,113
20201008,1400,AS45232,111.125.137.0/24,112
20201008,2000,AS45232,111.125.137.0/24,112
20201009,0200,AS45232,111.125.137.0/24,112
20201009,0800,AS45232,111.125.137.0/24,112
20201009,1400,AS45232,111.125.137.0/24,111
20201009,2000,AS45232,111.125.137.0/24,111
20201010,0200,AS45232,111.125.137.0/24,111
20201010,0800,AS45232,111.125.137.0/24,111
20201010,1400,AS45232,111.125.137.0/24,111
20201010,2000,AS45232,111.125.137.0/24,111
20201011,0200,AS45232,111.125.137.0/24,112
20201011,0800,AS45232,111.125.137.0/24,114
20201011,1400,AS45232,111.125.137.0/24,114
20201011,2000,AS45232,111.125.137.0/24,114
20201012,0200,AS45232,111.125.137.0/24,114
20201012,0800,AS45232,111.125.137.0/24,114
20201012,1400,AS45232,111.125.137.0/24,114
20201012,2000,AS45232,111.125.137.0/24,112
20201013,0200,AS45232,111.125.137.0/24,114
20201013,0800,AS45232,111.125.137.0/24,114
20201013,1400,AS45232,111.125.137.0/24,114
20201013,2000,AS45232,111.125.137.0/24,114
20201014,0200,AS45232,111.125.137.0/24,114
20201014,0800,AS45232,111.125.137.0/24,114
20201014,1400,AS45232,111.125.137.0/24,113
20201014,2000,AS45232,111.125.137.0/24,113
20201015,0200,AS45232,111.125.137.0/24,113
20201015,0800,AS45232,111.125.137.0/24,113
20201015,1400,AS45232,111.125.137.0/24,113
20201015,2000,AS45232,111.125.137.0/24,113
20201016,0200,AS45232,111.125.137.0/24,113
20201016,0800,AS45232,111.125.137.0/24,113
20201016,1400,AS45232,111.125.137.0/24,112
20201016,2000,AS45232,111.125.137.0/24,113
20201017,0200,AS45232,111.125.137.0/24,113
20201017,0800,AS45232,111.125.137.0/24,113
20201017,1400,AS45232,111.125.137.0/24,113
20201017,2000,AS45232,111.125.137.0/24,113
20201018,0200,AS45232,111.125.137.0/24,113
20201018,0800,AS45232,111.125.137.0/24,113
20201018,1400,AS45232,111.125.137.0/24,113
20201018,2000,AS45232,111.125.137.0/24,113
20201019,0200,AS45232,111.125.137.0/24,113
20201019,0800,AS45232,111.125.137.0/24,113
20201019,1400,AS45232,111.125.137.0/24,113
20201019,2000,AS45232,111.125.137.0/24,113
20201020,0200,AS45232,111.125.137.0/24,113
20201020,0800,AS45232,111.125.137.0/24,108
20201020,1400,AS45232,111.125.137.0/24,113
20201020,2000,AS45232,111.125.137.0/24,113
20201021,0200,AS45232,111.125.137.0/24,112
20201021,0800,AS45232,111.125.137.0/24,113
20201021,1400,AS45232,111.125.137.0/24,112
20201021,2000,AS45232,111.125.137.0/24,113
20201022,0200,AS45232,111.125.137.0/24,113
20201022,0800,AS45232,111.125.137.0/24,113
20201022,1400,AS45232,111.125.137.0/24,115
20201022,2000,AS45232,111.125.137.0/24,115
20201023,0200,AS45232,111.125.137.0/24,115
20201023,0800,AS45232,111.125.137.0/24,115
20201023,1400,AS45232,111.125.137.0/24,115
20201023,2000,AS45232,111.125.137.0/24,120
20201024,0200,AS45232,111.125.137.0/24,120
20201024,0800,AS45232,111.125.137.0/24,120
20201024,1400,AS45232,111.125.137.0/24,120
20201024,2000,AS45232,111.125.137.0/24,120
20201025,0200,AS45232,111.125.137.0/24,120
20201025,0800,AS45232,111.125.137.0/24,120
20201025,1400,AS45232,111.125.137.0/24,120
20201025,2000,AS45232,111.125.137.0/24,120
20201026,0200,AS45232,111.125.137.0/24,121
20201026,0800,AS45232,111.125.137.0/24,121
20201026,1400,AS45232,111.125.137.0/24,121
20201026,2000,AS45232,111.125.137.0/24,121
20201027,0200,AS45232,111.125.137.0/24,121
20201027,0800,AS45232,111.125.137.0/24,120
20201027,1400,AS45232,111.125.137.0/24,119
20201027,2000,AS45232,111.125.137.0/24,120
20201028,0200,AS45232,111.125.137.0/24,120
20201028,0800,AS45232,111.125.137.0/24,120
20201028,1400,AS45232,111.125.137.0/24,119
20201028,2000,AS45232,111.125.137.0/24,120
20201029,0200,AS45232,111.125.137.0/24,120
20201029,0800,AS45232,111.125.137.0/24,120
20201029,1400,AS45232,111.125.137.0/24,120
20201029,2000,AS45232,111.125.137.0/24,120
20201030,0200,AS45232,111.125.137.0/24,120
20201030,0800,AS45232,111.125.137.0/24,120
20201030,1400,AS45232,111.125.137.0/24,120
20201030,2000,AS45232,111.125.137.0/24,120
0,0,0,0,0
20201001,0200,AS45232,111.125.138.0/24,111
20201001,0800,AS45232,111.125.138.0/24,111
20201001,1400,AS45232,111.125.138.0/24,111
20201001,2000,AS45232,111.125.138.0/24,111
20201002,0200,AS45232,111.125.138.0/24,110
20201002,0800,AS45232,111.125.138.0/24,110
20201002,1400,AS45232,111.125.138.0/24,110
20201002,2000,AS45232,111.125.138.0/24,108
20201003,0200,AS45232,111.125.138.0/24,109
20201003,0800,AS45232,111.125.138.0/24,109
20201003,1400,AS45232,111.125.138.0/24,109
20201003,2000,AS45232,111.125.138.0/24,109
20201004,0200,AS45232,111.125.138.0/24,108
20201004,0800,AS45232,111.125.138.0/24,108
20201004,1400,AS45232,111.125.138.0/24,108
20201004,2000,AS45232,111.125.138.0/24,109
20201005,0200,AS45232,111.125.138.0/24,109
20201005,0800,AS45232,111.125.138.0/24,109
20201005,1400,AS45232,111.125.138.0/24,109
20201005,2000,AS45232,111.125.138.0/24,109
20201006,0200,AS45232,111.125.138.0/24,109
20201006,0800,AS45232,111.125.138.0/24,108
20201006,1400,AS45232,111.125.138.0/24,112
20201006,2000,AS45232,111.125.138.0/24,113
20201007,0200,AS45232,111.125.138.0/24,113
20201007,0800,AS45232,111.125.138.0/24,113
20201007,1400,AS45232,111.125.138.0/24,113
20201007,2000,AS45232,111.125.138.0/24,113
20201008,0200,AS45232,111.125.138.0/24,113
20201008,0800,AS45232,111.125.138.0/24,113
20201008,1400,AS45232,111.125.138.0/24,112
20201008,2000,AS45232,111.125.138.0/24,112
20201009,0200,AS45232,111.125.138.0/24,112
20201009,0800,AS45232,111.125.138.0/24,112
20201009,1400,AS45232,111.125.138.0/24,111
20201009,2000,AS45232,111.125.138.0/24,111
20201010,0200,AS45232,111.125.138.0/24,111
20201010,0800,AS45232,111.125.138.0/24,111
20201010,1400,AS45232,111.125.138.0/24,111
20201010,2000,AS45232,111.125.138.0/24,111
20201011,0200,AS45232,111.125.138.0/24,112
20201011,0800,AS45232,111.125.138.0/24,114
20201011,1400,AS45232,111.125.138.0/24,114
20201011,2000,AS45232,111.125.138.0/24,114
20201012,0200,AS45232,111.125.138.0/24,114
20201012,0800,AS45232,111.125.138.0/24,114
20201012,1400,AS45232,111.125.138.0/24,114
20201012,2000,AS45232,111.125.138.0/24,112
20201013,0200,AS45232,111.125.138.0/24,114
20201013,0800,AS45232,111.125.138.0/24,114
20201013,1400,AS45232,111.125.138.0/24,114
20201013,2000,AS45232,111.125.138.0/24,114
20201014,0200,AS45232,111.125.138.0/24,114
20201014,0800,AS45232,111.125.138.0/24,114
20201014,1400,AS45232,111.125.138.0/24,113
20201014,2000,AS45232,111.125.138.0/24,113
20201015,0200,AS45232,111.125.138.0/24,113
20201015,0800,AS45232,111.125.138.0/24,113
20201015,1400,AS45232,111.125.138.0/24,113
20201015,2000,AS45232,111.125.138.0/24,113
20201016,0200,AS45232,111.125.138.0/24,113
20201016,0800,AS45232,111.125.138.0/24,113
20201016,1400,AS45232,111.125.138.0/24,112
20201016,2000,AS45232,111.125.138.0/24,113
20201017,0200,AS45232,111.125.138.0/24,113
20201017,0800,AS45232,111.125.138.0/24,113
20201017,1400,AS45232,111.125.138.0/24,113
20201017,2000,AS45232,111.125.138.0/24,113
20201018,0200,AS45232,111.125.138.0/24,113
20201018,0800,AS45232,111.125.138.0/24,113
20201018,1400,AS45232,111.125.138.0/24,113
20201018,2000,AS45232,111.125.138.0/24,113
20201019,0200,AS45232,111.125.138.0/24,113
20201019,0800,AS45232,111.125.138.0/24,113
20201019,1400,AS45232,111.125.138.0/24,113
20201019,2000,AS45232,111.125.138.0/24,113
20201020,0200,AS45232,111.125.138.0/24,113
20201020,0800,AS45232,111.125.138.0/24,110
20201020,1400,AS45232,111.125.138.0/24,113
20201020,2000,AS45232,111.125.138.0/24,113
20201021,0200,AS45232,111.125.138.0/24,112
20201021,0800,AS45232,111.125.138.0/24,113
20201021,1400,AS45232,111.125.138.0/24,112
20201021,2000,AS45232,111.125.138.0/24,113
20201022,0200,AS45232,111.125.138.0/24,113
20201022,0800,AS45232,111.125.138.0/24,113
20201022,1400,AS45232,111.125.138.0/24,115
20201022,2000,AS45232,111.125.138.0/24,115
20201023,0200,AS45232,111.125.138.0/24,115
20201023,0800,AS45232,111.125.138.0/24,115
20201023,1400,AS45232,111.125.138.0/24,115
20201023,2000,AS45232,111.125.138.0/24,120
20201024,0200,AS45232,111.125.138.0/24,120
20201024,0800,AS45232,111.125.138.0/24,120
20201024,1400,AS45232,111.125.138.0/24,120
20201024,2000,AS45232,111.125.138.0/24,120
20201025,0200,AS45232,111.125.138.0/24,120
20201025,0800,AS45232,111.125.138.0/24,120
20201025,1400,AS45232,111.125.138.0/24,120
20201025,2000,AS45232,111.125.138.0/24,120
20201026,0200,AS45232,111.125.138.0/24,121
20201026,0800,AS45232,111.125.138.0/24,121
20201026,1400,AS45232,111.125.138.0/24,121
20201026,2000,AS45232,111.125.138.0/24,121
20201027,0200,AS45232,111.125.138.0/24,121
20201027,0800,AS45232,111.125.138.0/24,120
20201027,1400,AS45232,111.125.138.0/24,119
20201027,2000,AS45232,111.125.138.0/24,120
20201028,0200,AS45232,111.125.138.0/24,120
20201028,0800,AS45232,111.125.138.0/24,120
20201028,1400,AS45232,111.125.138.0/24,119
20201028,2000,AS45232,111.125.138.0/24,120
20201029,0200,AS45232,111.125.138.0/24,120
20201029,0800,AS45232,111.125.138.0/24,120
20201029,1400,AS45232,111.125.138.0/24,120
20201029,2000,AS45232,111.125.138.0/24,120
20201030,0200,AS45232,111.125.138.0/24,120
20201030,0800,AS45232,111.125.138.0/24,120
20201030,1400,AS45232,111.125.138.0/24,120
20201030,2000,AS45232,111.125.138.0/24,120
0,0,0,0,0
20201001,0200,AS45232,111.125.139.0/24,111
20201001,0800,AS45232,111.125.139.0/24,111
20201001,1400,AS45232,111.125.139.0/24,111
20201001,2000,AS45232,111.125.139.0/24,111
20201002,0200,AS45232,111.125.139.0/24,110
20201002,0800,AS45232,111.125.139.0/24,110
20201002,1400,AS45232,111.125.139.0/24,110
20201002,2000,AS45232,111.125.139.0/24,108
20201003,0200,AS45232,111.125.139.0/24,109
20201003,0800,AS45232,111.125.139.0/24,109
20201003,1400,AS45232,111.125.139.0/24,109
20201003,2000,AS45232,111.125.139.0/24,109
20201004,0200,AS45232,111.125.139.0/24,108
20201004,0800,AS45232,111.125.139.0/24,108
20201004,1400,AS45232,111.125.139.0/24,108
20201004,2000,AS45232,111.125.139.0/24,109
20201005,0200,AS45232,111.125.139.0/24,109
20201005,0800,AS45232,111.125.139.0/24,109
20201005,1400,AS45232,111.125.139.0/24,109
20201005,2000,AS45232,111.125.139.0/24,109
20201006,0200,AS45232,111.125.139.0/24,109
20201006,0800,AS45232,111.125.139.0/24,108
20201006,1400,AS45232,111.125.139.0/24,112
20201006,2000,AS45232,111.125.139.0/24,113
20201007,0200,AS45232,111.125.139.0/24,113
20201007,0800,AS45232,111.125.139.0/24,113
20201007,1400,AS45232,111.125.139.0/24,113
20201007,2000,AS45232,111.125.139.0/24,113
20201008,0200,AS45232,111.125.139.0/24,113
20201008,0800,AS45232,111.125.139.0/24,113
20201008,1400,AS45232,111.125.139.0/24,112
20201008,2000,AS45232,111.125.139.0/24,112
20201009,0200,AS45232,111.125.139.0/24,112
20201009,0800,AS45232,111.125.139.0/24,112
20201009,1400,AS45232,111.125.139.0/24,111
20201009,2000,AS45232,111.125.139.0/24,111
20201010,0200,AS45232,111.125.139.0/24,111
20201010,0800,AS45232,111.125.139.0/24,111
20201010,1400,AS45232,111.125.139.0/24,111
20201010,2000,AS45232,111.125.139.0/24,111
20201011,0200,AS45232,111.125.139.0/24,112
20201011,0800,AS45232,111.125.139.0/24,114
20201011,1400,AS45232,111.125.139.0/24,114
20201011,2000,AS45232,111.125.139.0/24,114
20201012,0200,AS45232,111.125.139.0/24,114
20201012,0800,AS45232,111.125.139.0/24,114
20201012,1400,AS45232,111.125.139.0/24,114
20201012,2000,AS45232,111.125.139.0/24,112
20201013,0200,AS45232,111.125.139.0/24,114
20201013,0800,AS45232,111.125.139.0/24,114
20201013,1400,AS45232,111.125.139.0/24,114
20201013,2000,AS45232,111.125.139.0/24,114
20201014,0200,AS45232,111.125.139.0/24,114
20201014,0800,AS45232,111.125.139.0/24,114
20201014,1400,AS45232,111.125.139.0/24,113
20201014,2000,AS45232,111.125.139.0/24,113
20201015,0200,AS45232,111.125.139.0/24,113
20201015,0800,AS45232,111.125.139.0/24,113
20201015,1400,AS45232,111.125.139.0/24,113
20201015,2000,AS45232,111.125.139.0/24,113
20201016,0200,AS45232,111.125.139.0/24,113
20201016,0800,AS45232,111.125.139.0/24,113
20201016,1400,AS45232,111.125.139.0/24,112
20201016,2000,AS45232,111.125.139.0/24,113
20201017,0200,AS45232,111.125.139.0/24,113
20201017,0800,AS45232,111.125.139.0/24,113
20201017,1400,AS45232,111.125.139.0/24,113
20201017,2000,AS45232,111.125.139.0/24,113
20201018,0200,AS45232,111.125.139.0/24,113
20201018,0800,AS45232,111.125.139.0/24,113
20201018,1400,AS45232,111.125.139.0/24,113
20201018,2000,AS45232,111.125.139.0/24,113
20201019,0200,AS45232,111.125.139.0/24,113
20201019,0800,AS45232,111.125.139.0/24,113
20201019,1400,AS45232,111.125.139.0/24,113
20201019,2000,AS45232,111.125.139.0/24,113
20201020,0200,AS45232,111.125.139.0/24,113
20201020,0800,AS45232,111.125.139.0/24,108
20201020,1400,AS45232,111.125.139.0/24,113
20201020,2000,AS45232,111.125.139.0/24,113
20201021,0200,AS45232,111.125.139.0/24,112
20201021,0800,AS45232,111.125.139.0/24,113
20201021,1400,AS45232,111.125.139.0/24,112
20201021,2000,AS45232,111.125.139.0/24,113
20201022,0200,AS45232,111.125.139.0/24,113
20201022,0800,AS45232,111.125.139.0/24,113
20201022,1400,AS45232,111.125.139.0/24,115
20201022,2000,AS45232,111.125.139.0/24,115
20201023,0200,AS45232,111.125.139.0/24,115
20201023,0800,AS45232,111.125.139.0/24,115
20201023,1400,AS45232,111.125.139.0/24,115
20201023,2000,AS45232,111.125.139.0/24,120
20201024,0200,AS45232,111.125.139.0/24,120
20201024,0800,AS45232,111.125.139.0/24,120
20201024,1400,AS45232,111.125.139.0/24,120
20201024,2000,AS45232,111.125.139.0/24,120
20201025,0200,AS45232,111.125.139.0/24,120
20201025,0800,AS45232,111.125.139.0/24,120
20201025,1400,AS45232,111.125.139.0/24,120
20201025,2000,AS45232,111.125.139.0/24,120
20201026,0200,AS45232,111.125.139.0/24,121
20201026,0800,AS45232,111.125.139.0/24,121
20201026,1400,AS45232,111.125.139.0/24,121
20201026,2000,AS45232,111.125.139.0/24,121
20201027,0200,AS45232,111.125.139.0/24,121
20201027,0800,AS45232,111.125.139.0/24,120
20201027,1400,AS45232,111.125.139.0/24,119
20201027,2000,AS45232,111.125.139.0/24,120
20201028,0200,AS45232,111.125.139.0/24,120
20201028,0800,AS45232,111.125.139.0/24,120
20201028,1400,AS45232,111.125.139.0/24,119
20201028,2000,AS45232,111.125.139.0/24,120
20201029,0200,AS45232,111.125.139.0/24,120
20201029,0800,AS45232,111.125.139.0/24,120
20201029,1400,AS45232,111.125.139.0/24,120
20201029,2000,AS45232,111.125.139.0/24,120
20201030,0200,AS45232,111.125.139.0/24,120
20201030,0800,AS45232,111.125.139.0/24,120
20201030,1400,AS45232,111.125.139.0/24,120
20201030,2000,AS45232,111.125.139.0/24,120
0,0,0,0,0
20201001,0200,AS45232,111.125.140.0/24,111
20201001,0800,AS45232,111.125.140.0/24,111
20201001,1400,AS45232,111.125.140.0/24,111
20201001,2000,AS45232,111.125.140.0/24,111
20201002,0200,AS45232,111.125.140.0/24,110
20201002,0800,AS45232,111.125.140.0/24,110
20201002,1400,AS45232,111.125.140.0/24,110
20201002,2000,AS45232,111.125.140.0/24,109
20201003,0200,AS45232,111.125.140.0/24,109
20201003,0800,AS45232,111.125.140.0/24,109
20201003,1400,AS45232,111.125.140.0/24,109
20201003,2000,AS45232,111.125.140.0/24,109
20201004,0200,AS45232,111.125.140.0/24,108
20201004,0800,AS45232,111.125.140.0/24,108
20201004,1400,AS45232,111.125.140.0/24,108
20201004,2000,AS45232,111.125.140.0/24,109
20201005,0200,AS45232,111.125.140.0/24,109
20201005,0800,AS45232,111.125.140.0/24,109
20201005,1400,AS45232,111.125.140.0/24,109
20201005,2000,AS45232,111.125.140.0/24,109
20201006,0200,AS45232,111.125.140.0/24,109
20201006,0800,AS45232,111.125.140.0/24,108
20201006,1400,AS45232,111.125.140.0/24,112
20201006,2000,AS45232,111.125.140.0/24,113
20201007,0200,AS45232,111.125.140.0/24,113
20201007,0800,AS45232,111.125.140.0/24,113
20201007,1400,AS45232,111.125.140.0/24,113
20201007,2000,AS45232,111.125.140.0/24,113
20201008,0200,AS45232,111.125.140.0/24,113
20201008,0800,AS45232,111.125.140.0/24,113
20201008,1400,AS45232,111.125.140.0/24,112
20201008,2000,AS45232,111.125.140.0/24,112
20201009,0200,AS45232,111.125.140.0/24,112
20201009,0800,AS45232,111.125.140.0/24,112
20201009,1400,AS45232,111.125.140.0/24,111
20201009,2000,AS45232,111.125.140.0/24,111
20201010,0200,AS45232,111.125.140.0/24,111
20201010,0800,AS45232,111.125.140.0/24,111
20201010,1400,AS45232,111.125.140.0/24,111
20201010,2000,AS45232,111.125.140.0/24,111
20201011,0200,AS45232,111.125.140.0/24,112
20201011,0800,AS45232,111.125.140.0/24,114
20201011,1400,AS45232,111.125.140.0/24,114
20201011,2000,AS45232,111.125.140.0/24,114
20201012,0200,AS45232,111.125.140.0/24,114
20201012,0800,AS45232,111.125.140.0/24,114
20201012,1400,AS45232,111.125.140.0/24,114
20201012,2000,AS45232,111.125.140.0/24,112
20201013,0200,AS45232,111.125.140.0/24,114
20201013,0800,AS45232,111.125.140.0/24,114
20201013,1400,AS45232,111.125.140.0/24,114
20201013,2000,AS45232,111.125.140.0/24,114
20201014,0200,AS45232,111.125.140.0/24,114
20201014,0800,AS45232,111.125.140.0/24,114
20201014,1400,AS45232,111.125.140.0/24,113
20201014,2000,AS45232,111.125.140.0/24,113
20201015,0200,AS45232,111.125.140.0/24,113
20201015,0800,AS45232,111.125.140.0/24,113
20201015,1400,AS45232,111.125.140.0/24,113
20201015,2000,AS45232,111.125.140.0/24,113
20201016,0200,AS45232,111.125.140.0/24,113
20201016,0800,AS45232,111.125.140.0/24,113
20201016,1400,AS45232,111.125.140.0/24,112
20201016,2000,AS45232,111.125.140.0/24,113
20201017,0200,AS45232,111.125.140.0/24,113
20201017,0800,AS45232,111.125.140.0/24,113
20201017,1400,AS45232,111.125.140.0/24,113
20201017,2000,AS45232,111.125.140.0/24,113
20201018,0200,AS45232,111.125.140.0/24,113
20201018,0800,AS45232,111.125.140.0/24,113
20201018,1400,AS45232,111.125.140.0/24,113
20201018,2000,AS45232,111.125.140.0/24,113
20201019,0200,AS45232,111.125.140.0/24,113
20201019,0800,AS45232,111.125.140.0/24,113
20201019,1400,AS45232,111.125.140.0/24,113
20201019,2000,AS45232,111.125.140.0/24,113
20201020,0200,AS45232,111.125.140.0/24,113
20201020,0800,AS45232,111.125.140.0/24,110
20201020,1400,AS45232,111.125.140.0/24,113
20201020,2000,AS45232,111.125.140.0/24,113
20201021,0200,AS45232,111.125.140.0/24,112
20201021,0800,AS45232,111.125.140.0/24,113
20201021,1400,AS45232,111.125.140.0/24,112
20201021,2000,AS45232,111.125.140.0/24,113
20201022,0200,AS45232,111.125.140.0/24,113
20201022,0800,AS45232,111.125.140.0/24,113
20201022,1400,AS45232,111.125.140.0/24,115
20201022,2000,AS45232,111.125.140.0/24,115
20201023,0200,AS45232,111.125.140.0/24,115
20201023,0800,AS45232,111.125.140.0/24,115
20201023,1400,AS45232,111.125.140.0/24,115
20201023,2000,AS45232,111.125.140.0/24,120
20201024,0200,AS45232,111.125.140.0/24,120
20201024,0800,AS45232,111.125.140.0/24,120
20201024,1400,AS45232,111.125.140.0/24,120
20201024,2000,AS45232,111.125.140.0/24,120
20201025,0200,AS45232,111.125.140.0/24,120
20201025,0800,AS45232,111.125.140.0/24,120
20201025,1400,AS45232,111.125.140.0/24,120
20201025,2000,AS45232,111.125.140.0/24,120
20201026,0200,AS45232,111.125.140.0/24,121
20201026,0800,AS45232,111.125.140.0/24,121
20201026,1400,AS45232,111.125.140.0/24,121
20201026,2000,AS45232,111.125.140.0/24,121
20201027,0200,AS45232,111.125.140.0/24,121
20201027,0800,AS45232,111.125.140.0/24,120
20201027,1400,AS45232,111.125.140.0/24,119
20201027,2000,AS45232,111.125.140.0/24,120
20201028,0200,AS45232,111.125.140.0/24,120
20201028,0800,AS45232,111.125.140.0/24,120
20201028,1400,AS45232,111.125.140.0/24,119
20201028,2000,AS45232,111.125.140.0/24,120
20201029,0200,AS45232,111.125.140.0/24,120
20201029,0800,AS45232,111.125.140.0/24,120
20201029,1400,AS45232,111.125.140.0/24,120
20201029,2000,AS45232,111.125.140.0/24,120
20201030,0200,AS45232,111.125.140.0/24,120
20201030,0800,AS45232,111.125.140.0/24,120
20201030,1400,AS45232,111.125.140.0/24,120
20201030,2000,AS45232,111.125.140.0/24,120
0,0,0,0,0
20201001,0200,AS45232,111.125.141.0/24,111
20201001,0800,AS45232,111.125.141.0/24,111
20201001,1400,AS45232,111.125.141.0/24,111
20201001,2000,AS45232,111.125.141.0/24,111
20201002,0200,AS45232,111.125.141.0/24,110
20201002,0800,AS45232,111.125.141.0/24,110
20201002,1400,AS45232,111.125.141.0/24,110
20201002,2000,AS45232,111.125.141.0/24,108
20201003,0200,AS45232,111.125.141.0/24,109
20201003,0800,AS45232,111.125.141.0/24,109
20201003,1400,AS45232,111.125.141.0/24,109
20201003,2000,AS45232,111.125.141.0/24,109
20201004,0200,AS45232,111.125.141.0/24,108
20201004,0800,AS45232,111.125.141.0/24,108
20201004,1400,AS45232,111.125.141.0/24,108
20201004,2000,AS45232,111.125.141.0/24,109
20201005,0200,AS45232,111.125.141.0/24,109
20201005,0800,AS45232,111.125.141.0/24,109
20201005,1400,AS45232,111.125.141.0/24,109
20201005,2000,AS45232,111.125.141.0/24,109
20201006,0200,AS45232,111.125.141.0/24,109
20201006,0800,AS45232,111.125.141.0/24,108
20201006,1400,AS45232,111.125.141.0/24,112
20201006,2000,AS45232,111.125.141.0/24,113
20201007,0200,AS45232,111.125.141.0/24,113
20201007,0800,AS45232,111.125.141.0/24,113
20201007,1400,AS45232,111.125.141.0/24,113
20201007,2000,AS45232,111.125.141.0/24,113
20201008,0200,AS45232,111.125.141.0/24,113
20201008,0800,AS45232,111.125.141.0/24,113
20201008,1400,AS45232,111.125.141.0/24,112
20201008,2000,AS45232,111.125.141.0/24,112
20201009,0200,AS45232,111.125.141.0/24,112
20201009,0800,AS45232,111.125.141.0/24,112
20201009,1400,AS45232,111.125.141.0/24,111
20201009,2000,AS45232,111.125.141.0/24,111
20201010,0200,AS45232,111.125.141.0/24,111
20201010,0800,AS45232,111.125.141.0/24,111
20201010,1400,AS45232,111.125.141.0/24,111
20201010,2000,AS45232,111.125.141.0/24,111
20201011,0200,AS45232,111.125.141.0/24,112
20201011,0800,AS45232,111.125.141.0/24,114
20201011,1400,AS45232,111.125.141.0/24,114
20201011,2000,AS45232,111.125.141.0/24,114
20201012,0200,AS45232,111.125.141.0/24,114
20201012,0800,AS45232,111.125.141.0/24,114
20201012,1400,AS45232,111.125.141.0/24,114
20201012,2000,AS45232,111.125.141.0/24,112
20201013,0200,AS45232,111.125.141.0/24,114
20201013,0800,AS45232,111.125.141.0/24,114
20201013,1400,AS45232,111.125.141.0/24,114
20201013,2000,AS45232,111.125.141.0/24,114
20201014,0200,AS45232,111.125.141.0/24,114
20201014,0800,AS45232,111.125.141.0/24,114
20201014,1400,AS45232,111.125.141.0/24,113
20201014,2000,AS45232,111.125.141.0/24,113
20201015,0200,AS45232,111.125.141.0/24,113
20201015,0800,AS45232,111.125.141.0/24,113
20201015,1400,AS45232,111.125.141.0/24,113
20201015,2000,AS45232,111.125.141.0/24,113
20201016,0200,AS45232,111.125.141.0/24,113
20201016,0800,AS45232,111.125.141.0/24,113
20201016,1400,AS45232,111.125.141.0/24,112
20201016,2000,AS45232,111.125.141.0/24,113
20201017,0200,AS45232,111.125.141.0/24,113
20201017,0800,AS45232,111.125.141.0/24,113
20201017,1400,AS45232,111.125.141.0/24,113
20201017,2000,AS45232,111.125.141.0/24,113
20201018,0200,AS45232,111.125.141.0/24,113
20201018,0800,AS45232,111.125.141.0/24,113
20201018,1400,AS45232,111.125.141.0/24,113
20201018,2000,AS45232,111.125.141.0/24,113
20201019,0200,AS45232,111.125.141.0/24,113
20201019,0800,AS45232,111.125.141.0/24,113
20201019,1400,AS45232,111.125.141.0/24,113
20201019,2000,AS45232,111.125.141.0/24,113
20201020,0200,AS45232,111.125.141.0/24,113
20201020,0800,AS45232,111.125.141.0/24,108
20201020,1400,AS45232,111.125.141.0/24,113
20201020,2000,AS45232,111.125.141.0/24,113
20201021,0200,AS45232,111.125.141.0/24,112
20201021,0800,AS45232,111.125.141.0/24,113
20201021,1400,AS45232,111.125.141.0/24,112
20201021,2000,AS45232,111.125.141.0/24,113
20201022,0200,AS45232,111.125.141.0/24,113
20201022,0800,AS45232,111.125.141.0/24,113
20201022,1400,AS45232,111.125.141.0/24,115
20201022,2000,AS45232,111.125.141.0/24,115
20201023,0200,AS45232,111.125.141.0/24,115
20201023,0800,AS45232,111.125.141.0/24,115
20201023,1400,AS45232,111.125.141.0/24,115
20201023,2000,AS45232,111.125.141.0/24,120
20201024,0200,AS45232,111.125.141.0/24,120
20201024,0800,AS45232,111.125.141.0/24,120
20201024,1400,AS45232,111.125.141.0/24,120
20201024,2000,AS45232,111.125.141.0/24,120
20201025,0200,AS45232,111.125.141.0/24,120
20201025,0800,AS45232,111.125.141.0/24,120
20201025,1400,AS45232,111.125.141.0/24,120
20201025,2000,AS45232,111.125.141.0/24,120
20201026,0200,AS45232,111.125.141.0/24,121
20201026,0800,AS45232,111.125.141.0/24,121
20201026,1400,AS45232,111.125.141.0/24,121
20201026,2000,AS45232,111.125.141.0/24,121
20201027,0200,AS45232,111.125.141.0/24,121
20201027,0800,AS45232,111.125.141.0/24,120
20201027,1400,AS45232,111.125.141.0/24,119
20201027,2000,AS45232,111.125.141.0/24,120
20201028,0200,AS45232,111.125.141.0/24,120
20201028,0800,AS45232,111.125.141.0/24,120
20201028,1400,AS45232,111.125.141.0/24,119
20201028,2000,AS45232,111.125.141.0/24,120
20201029,0200,AS45232,111.125.141.0/24,120
20201029,0800,AS45232,111.125.141.0/24,120
20201029,1400,AS45232,111.125.141.0/24,120
20201029,2000,AS45232,111.125.141.0/24,120
20201030,0200,AS45232,111.125.141.0/24,120
20201030,0800,AS45232,111.125.141.0/24,120
20201030,1400,AS45232,111.125.141.0/24,120
20201030,2000,AS45232,111.125.141.0/24,120
0,0,0,0,0
20201001,0200,AS45232,111.125.142.0/24,111
20201001,0800,AS45232,111.125.142.0/24,111
20201001,1400,AS45232,111.125.142.0/24,111
20201001,2000,AS45232,111.125.142.0/24,111
20201002,0200,AS45232,111.125.142.0/24,110
20201002,0800,AS45232,111.125.142.0/24,110
20201002,1400,AS45232,111.125.142.0/24,110
20201002,2000,AS45232,111.125.142.0/24,108
20201003,0200,AS45232,111.125.142.0/24,109
20201003,0800,AS45232,111.125.142.0/24,109
20201003,1400,AS45232,111.125.142.0/24,109
20201003,2000,AS45232,111.125.142.0/24,109
20201004,0200,AS45232,111.125.142.0/24,108
20201004,0800,AS45232,111.125.142.0/24,108
20201004,1400,AS45232,111.125.142.0/24,108
20201004,2000,AS45232,111.125.142.0/24,109
20201005,0200,AS45232,111.125.142.0/24,109
20201005,0800,AS45232,111.125.142.0/24,109
20201005,1400,AS45232,111.125.142.0/24,109
20201005,2000,AS45232,111.125.142.0/24,109
20201006,0200,AS45232,111.125.142.0/24,109
20201006,0800,AS45232,111.125.142.0/24,108
20201006,1400,AS45232,111.125.142.0/24,112
20201006,2000,AS45232,111.125.142.0/24,113
20201007,0200,AS45232,111.125.142.0/24,113
20201007,0800,AS45232,111.125.142.0/24,113
20201007,1400,AS45232,111.125.142.0/24,113
20201007,2000,AS45232,111.125.142.0/24,113
20201008,0200,AS45232,111.125.142.0/24,113
20201008,0800,AS45232,111.125.142.0/24,113
20201008,1400,AS45232,111.125.142.0/24,112
20201008,2000,AS45232,111.125.142.0/24,112
20201009,0200,AS45232,111.125.142.0/24,112
20201009,0800,AS45232,111.125.142.0/24,112
20201009,1400,AS45232,111.125.142.0/24,111
20201009,2000,AS45232,111.125.142.0/24,111
20201010,0200,AS45232,111.125.142.0/24,111
20201010,0800,AS45232,111.125.142.0/24,111
20201010,1400,AS45232,111.125.142.0/24,111
20201010,2000,AS45232,111.125.142.0/24,111
20201011,0200,AS45232,111.125.142.0/24,112
20201011,0800,AS45232,111.125.142.0/24,114
20201011,1400,AS45232,111.125.142.0/24,114
20201011,2000,AS45232,111.125.142.0/24,114
20201012,0200,AS45232,111.125.142.0/24,114
20201012,0800,AS45232,111.125.142.0/24,114
20201012,1400,AS45232,111.125.142.0/24,114
20201012,2000,AS45232,111.125.142.0/24,112
20201013,0200,AS45232,111.125.142.0/24,114
20201013,0800,AS45232,111.125.142.0/24,114
20201013,1400,AS45232,111.125.142.0/24,114
20201013,2000,AS45232,111.125.142.0/24,114
20201014,0200,AS45232,111.125.142.0/24,114
20201014,0800,AS45232,111.125.142.0/24,114
20201014,1400,AS45232,111.125.142.0/24,113
20201014,2000,AS45232,111.125.142.0/24,113
20201015,0200,AS45232,111.125.142.0/24,113
20201015,0800,AS45232,111.125.142.0/24,113
20201015,1400,AS45232,111.125.142.0/24,113
20201015,2000,AS45232,111.125.142.0/24,113
20201016,0200,AS45232,111.125.142.0/24,113
20201016,0800,AS45232,111.125.142.0/24,113
20201016,1400,AS45232,111.125.142.0/24,112
20201016,2000,AS45232,111.125.142.0/24,113
20201017,0200,AS45232,111.125.142.0/24,113
20201017,0800,AS45232,111.125.142.0/24,113
20201017,1400,AS45232,111.125.142.0/24,113
20201017,2000,AS45232,111.125.142.0/24,113
20201018,0200,AS45232,111.125.142.0/24,113
20201018,0800,AS45232,111.125.142.0/24,113
20201018,1400,AS45232,111.125.142.0/24,113
20201018,2000,AS45232,111.125.142.0/24,113
20201019,0200,AS45232,111.125.142.0/24,113
20201019,0800,AS45232,111.125.142.0/24,113
20201019,1400,AS45232,111.125.142.0/24,113
20201019,2000,AS45232,111.125.142.0/24,113
20201020,0200,AS45232,111.125.142.0/24,113
20201020,0800,AS45232,111.125.142.0/24,108
20201020,1400,AS45232,111.125.142.0/24,113
20201020,2000,AS45232,111.125.142.0/24,113
20201021,0200,AS45232,111.125.142.0/24,112
20201021,0800,AS45232,111.125.142.0/24,113
20201021,1400,AS45232,111.125.142.0/24,112
20201021,2000,AS45232,111.125.142.0/24,113
20201022,0200,AS45232,111.125.142.0/24,113
20201022,0800,AS45232,111.125.142.0/24,113
20201022,1400,AS45232,111.125.142.0/24,115
20201022,2000,AS45232,111.125.142.0/24,115
20201023,0200,AS45232,111.125.142.0/24,115
20201023,0800,AS45232,111.125.142.0/24,115
20201023,1400,AS45232,111.125.142.0/24,115
20201023,2000,AS45232,111.125.142.0/24,120
20201024,0200,AS45232,111.125.142.0/24,120
20201024,0800,AS45232,111.125.142.0/24,120
20201024,1400,AS45232,111.125.142.0/24,120
20201024,2000,AS45232,111.125.142.0/24,120
20201025,0200,AS45232,111.125.142.0/24,120
20201025,0800,AS45232,111.125.142.0/24,120
20201025,1400,AS45232,111.125.142.0/24,120
20201025,2000,AS45232,111.125.142.0/24,120
20201026,0200,AS45232,111.125.142.0/24,121
20201026,0800,AS45232,111.125.142.0/24,121
20201026,1400,AS45232,111.125.142.0/24,121
20201026,2000,AS45232,111.125.142.0/24,121
20201027,0200,AS45232,111.125.142.0/24,121
20201027,0800,AS45232,111.125.142.0/24,120
20201027,1400,AS45232,111.125.142.0/24,119
20201027,2000,AS45232,111.125.142.0/24,120
20201028,0200,AS45232,111.125.142.0/24,120
20201028,0800,AS45232,111.125.142.0/24,120
20201028,1400,AS45232,111.125.142.0/24,119
20201028,2000,AS45232,111.125.142.0/24,120
20201029,0200,AS45232,111.125.142.0/24,120
20201029,0800,AS45232,111.125.142.0/24,120
20201029,1400,AS45232,111.125.142.0/24,120
20201029,2000,AS45232,111.125.142.0/24,120
20201030,0200,AS45232,111.125.142.0/24,120
20201030,0800,AS45232,111.125.142.0/24,120
20201030,1400,AS45232,111.125.142.0/24,120
20201030,2000,AS45232,111.125.142.0/24,120
0,0,0,0,0
20201001,0200,AS45232,111.125.143.0/24,111
20201001,0800,AS45232,111.125.143.0/24,111
20201001,1400,AS45232,111.125.143.0/24,111
20201001,2000,AS45232,111.125.143.0/24,111
20201002,0200,AS45232,111.125.143.0/24,110
20201002,0800,AS45232,111.125.143.0/24,110
20201002,1400,AS45232,111.125.143.0/24,110
20201002,2000,AS45232,111.125.143.0/24,108
20201003,0200,AS45232,111.125.143.0/24,109
20201003,0800,AS45232,111.125.143.0/24,109
20201003,1400,AS45232,111.125.143.0/24,109
20201003,2000,AS45232,111.125.143.0/24,109
20201004,0200,AS45232,111.125.143.0/24,108
20201004,0800,AS45232,111.125.143.0/24,108
20201004,1400,AS45232,111.125.143.0/24,108
20201004,2000,AS45232,111.125.143.0/24,109
20201005,0200,AS45232,111.125.143.0/24,109
20201005,0800,AS45232,111.125.143.0/24,109
20201005,1400,AS45232,111.125.143.0/24,109
20201005,2000,AS45232,111.125.143.0/24,109
20201006,0200,AS45232,111.125.143.0/24,109
20201006,0800,AS45232,111.125.143.0/24,108
20201006,1400,AS45232,111.125.143.0/24,112
20201006,2000,AS45232,111.125.143.0/24,113
20201007,0200,AS45232,111.125.143.0/24,113
20201007,0800,AS45232,111.125.143.0/24,113
20201007,1400,AS45232,111.125.143.0/24,113
20201007,2000,AS45232,111.125.143.0/24,113
20201008,0200,AS45232,111.125.143.0/24,113
20201008,0800,AS45232,111.125.143.0/24,113
20201008,1400,AS45232,111.125.143.0/24,112
20201008,2000,AS45232,111.125.143.0/24,112
20201009,0200,AS45232,111.125.143.0/24,112
20201009,0800,AS45232,111.125.143.0/24,112
20201009,1400,AS45232,111.125.143.0/24,111
20201009,2000,AS45232,111.125.143.0/24,111
20201010,0200,AS45232,111.125.143.0/24,111
20201010,0800,AS45232,111.125.143.0/24,111
20201010,1400,AS45232,111.125.143.0/24,111
20201010,2000,AS45232,111.125.143.0/24,111
20201011,0200,AS45232,111.125.143.0/24,112
20201011,0800,AS45232,111.125.143.0/24,114
20201011,1400,AS45232,111.125.143.0/24,114
20201011,2000,AS45232,111.125.143.0/24,114
20201012,0200,AS45232,111.125.143.0/24,114
20201012,0800,AS45232,111.125.143.0/24,114
20201012,1400,AS45232,111.125.143.0/24,114
20201012,2000,AS45232,111.125.143.0/24,112
20201013,0200,AS45232,111.125.143.0/24,114
20201013,0800,AS45232,111.125.143.0/24,114
20201013,1400,AS45232,111.125.143.0/24,114
20201013,2000,AS45232,111.125.143.0/24,114
20201014,0200,AS45232,111.125.143.0/24,114
20201014,0800,AS45232,111.125.143.0/24,114
20201014,1400,AS45232,111.125.143.0/24,113
20201014,2000,AS45232,111.125.143.0/24,113
20201015,0200,AS45232,111.125.143.0/24,113
20201015,0800,AS45232,111.125.143.0/24,113
20201015,1400,AS45232,111.125.143.0/24,113
20201015,2000,AS45232,111.125.143.0/24,113
20201016,0200,AS45232,111.125.143.0/24,113
20201016,0800,AS45232,111.125.143.0/24,113
20201016,1400,AS45232,111.125.143.0/24,112
20201016,2000,AS45232,111.125.143.0/24,113
20201017,0200,AS45232,111.125.143.0/24,113
20201017,0800,AS45232,111.125.143.0/24,113
20201017,1400,AS45232,111.125.143.0/24,113
20201017,2000,AS45232,111.125.143.0/24,113
20201018,0200,AS45232,111.125.143.0/24,113
20201018,0800,AS45232,111.125.143.0/24,113
20201018,1400,AS45232,111.125.143.0/24,113
20201018,2000,AS45232,111.125.143.0/24,113
20201019,0200,AS45232,111.125.143.0/24,113
20201019,0800,AS45232,111.125.143.0/24,113
20201019,1400,AS45232,111.125.143.0/24,113
20201019,2000,AS45232,111.125.143.0/24,113
20201020,0200,AS45232,111.125.143.0/24,113
20201020,0800,AS45232,111.125.143.0/24,108
20201020,1400,AS45232,111.125.143.0/24,113
20201020,2000,AS45232,111.125.143.0/24,113
20201021,0200,AS45232,111.125.143.0/24,112
20201021,0800,AS45232,111.125.143.0/24,113
20201021,1400,AS45232,111.125.143.0/24,112
20201021,2000,AS45232,111.125.143.0/24,113
20201022,0200,AS45232,111.125.143.0/24,113
20201022,0800,AS45232,111.125.143.0/24,113
20201022,1400,AS45232,111.125.143.0/24,115
20201022,2000,AS45232,111.125.143.0/24,115
20201023,0200,AS45232,111.125.143.0/24,115
20201023,0800,AS45232,111.125.143.0/24,115
20201023,1400,AS45232,111.125.143.0/24,115
20201023,2000,AS45232,111.125.143.0/24,120
20201024,0200,AS45232,111.125.143.0/24,120
20201024,0800,AS45232,111.125.143.0/24,120
20201024,1400,AS45232,111.125.143.0/24,120
20201024,2000,AS45232,111.125.143.0/24,120
20201025,0200,AS45232,111.125.143.0/24,120
20201025,0800,AS45232,111.125.143.0/24,120
20201025,1400,AS45232,111.125.143.0/24,120
20201025,2000,AS45232,111.125.143.0/24,120
20201026,0200,AS45232,111.125.143.0/24,121
20201026,0800,AS45232,111.125.143.0/24,121
20201026,1400,AS45232,111.125.143.0/24,121
20201026,2000,AS45232,111.125.143.0/24,121
20201027,0200,AS45232,111.125.143.0/24,121
20201027,0800,AS45232,111.125.143.0/24,120
20201027,1400,AS45232,111.125.143.0/24,119
20201027,2000,AS45232,111.125.143.0/24,120
20201028,0200,AS45232,111.125.143.0/24,120
20201028,0800,AS45232,111.125.143.0/24,120
20201028,1400,AS45232,111.125.143.0/24,119
20201028,2000,AS45232,111.125.143.0/24,120
20201029,0200,AS45232,111.125.143.0/24,120
20201029,0800,AS45232,111.125.143.0/24,120
20201029,1400,AS45232,111.125.143.0/24,120
20201029,2000,AS45232,111.125.143.0/24,120
20201030,0200,AS45232,111.125.143.0/24,120
20201030,0800,AS45232,111.125.143.0/24,120
20201030,1400,AS45232,111.125.143.0/24,120
20201030,2000,AS45232,111.125.143.0/24,120
0,0,0,0,0
20201001,0200,AS45232,114.30.72.0/24,111
20201001,0800,AS45232,114.30.72.0/24,111
20201001,1400,AS45232,114.30.72.0/24,111
20201001,2000,AS45232,114.30.72.0/24,111
20201002,0200,AS45232,114.30.72.0/24,110
20201002,0800,AS45232,114.30.72.0/24,110
20201002,1400,AS45232,114.30.72.0/24,110
20201002,2000,AS45232,114.30.72.0/24,108
20201003,0200,AS45232,114.30.72.0/24,109
20201003,0800,AS45232,114.30.72.0/24,109
20201003,1400,AS45232,114.30.72.0/24,109
20201003,2000,AS45232,114.30.72.0/24,109
20201004,0200,AS45232,114.30.72.0/24,108
20201004,0800,AS45232,114.30.72.0/24,108
20201004,1400,AS45232,114.30.72.0/24,108
20201004,2000,AS45232,114.30.72.0/24,109
20201005,0200,AS45232,114.30.72.0/24,109
20201005,0800,AS45232,114.30.72.0/24,109
20201005,1400,AS45232,114.30.72.0/24,109
20201005,2000,AS45232,114.30.72.0/24,109
20201006,0200,AS45232,114.30.72.0/24,109
20201006,0800,AS45232,114.30.72.0/24,108
20201006,1400,AS45232,114.30.72.0/24,112
20201006,2000,AS45232,114.30.72.0/24,113
20201007,0200,AS45232,114.30.72.0/24,113
20201007,0800,AS45232,114.30.72.0/24,113
20201007,1400,AS45232,114.30.72.0/24,113
20201007,2000,AS45232,114.30.72.0/24,113
20201008,0200,AS45232,114.30.72.0/24,113
20201008,0800,AS45232,114.30.72.0/24,113
20201008,1400,AS45232,114.30.72.0/24,112
20201008,2000,AS45232,114.30.72.0/24,112
20201009,0200,AS45232,114.30.72.0/24,112
20201009,0800,AS45232,114.30.72.0/24,112
20201009,1400,AS45232,114.30.72.0/24,111
20201009,2000,AS45232,114.30.72.0/24,111
20201010,0200,AS45232,114.30.72.0/24,111
20201010,0800,AS45232,114.30.72.0/24,111
20201010,1400,AS45232,114.30.72.0/24,111
20201010,2000,AS45232,114.30.72.0/24,111
20201011,0200,AS45232,114.30.72.0/24,112
20201011,0800,AS45232,114.30.72.0/24,114
20201011,1400,AS45232,114.30.72.0/24,114
20201011,2000,AS45232,114.30.72.0/24,114
20201012,0200,AS45232,114.30.72.0/24,114
20201012,0800,AS45232,114.30.72.0/24,114
20201012,1400,AS45232,114.30.72.0/24,114
20201012,2000,AS45232,114.30.72.0/24,112
20201013,0200,AS45232,114.30.72.0/24,114
20201013,0800,AS45232,114.30.72.0/24,114
20201013,1400,AS45232,114.30.72.0/24,114
20201013,2000,AS45232,114.30.72.0/24,114
20201014,0200,AS45232,114.30.72.0/24,114
20201014,0800,AS45232,114.30.72.0/24,114
20201014,1400,AS45232,114.30.72.0/24,113
20201014,2000,AS45232,114.30.72.0/24,113
20201015,0200,AS45232,114.30.72.0/24,113
20201015,0800,AS45232,114.30.72.0/24,113
20201015,1400,AS45232,114.30.72.0/24,113
20201015,2000,AS45232,114.30.72.0/24,113
20201016,0200,AS45232,114.30.72.0/24,113
20201016,0800,AS45232,114.30.72.0/24,113
20201016,1400,AS45232,114.30.72.0/24,112
20201016,2000,AS45232,114.30.72.0/24,113
20201017,0200,AS45232,114.30.72.0/24,113
20201017,0800,AS45232,114.30.72.0/24,113
20201017,1400,AS45232,114.30.72.0/24,113
20201017,2000,AS45232,114.30.72.0/24,113
20201018,0200,AS45232,114.30.72.0/24,113
20201018,0800,AS45232,114.30.72.0/24,113
20201018,1400,AS45232,114.30.72.0/24,113
20201018,2000,AS45232,114.30.72.0/24,113
20201019,0200,AS45232,114.30.72.0/24,113
20201019,0800,AS45232,114.30.72.0/24,113
20201019,1400,AS45232,114.30.72.0/24,113
20201019,2000,AS45232,114.30.72.0/24,113
20201020,0200,AS45232,114.30.72.0/24,113
20201020,0800,AS45232,114.30.72.0/24,108
20201020,1400,AS45232,114.30.72.0/24,113
20201020,2000,AS45232,114.30.72.0/24,113
20201021,0200,AS45232,114.30.72.0/24,112
20201021,0800,AS45232,114.30.72.0/24,113
20201021,1400,AS45232,114.30.72.0/24,112
20201021,2000,AS45232,114.30.72.0/24,113
20201022,0200,AS45232,114.30.72.0/24,113
20201022,0800,AS45232,114.30.72.0/24,113
20201022,1400,AS45232,114.30.72.0/24,115
20201022,2000,AS45232,114.30.72.0/24,115
20201023,0200,AS45232,114.30.72.0/24,115
20201023,0800,AS45232,114.30.72.0/24,115
20201023,1400,AS45232,114.30.72.0/24,115
20201023,2000,AS45232,114.30.72.0/24,120
20201024,0200,AS45232,114.30.72.0/24,120
20201024,0800,AS45232,114.30.72.0/24,120
20201024,1400,AS45232,114.30.72.0/24,120
20201024,2000,AS45232,114.30.72.0/24,120
20201025,0200,AS45232,114.30.72.0/24,120
20201025,0800,AS45232,114.30.72.0/24,120
20201025,1400,AS45232,114.30.72.0/24,120
20201025,2000,AS45232,114.30.72.0/24,120
20201026,0200,AS45232,114.30.72.0/24,121
20201026,0800,AS45232,114.30.72.0/24,121
20201026,1400,AS45232,114.30.72.0/24,121
20201026,2000,AS45232,114.30.72.0/24,121
20201027,0200,AS45232,114.30.72.0/24,121
20201027,0800,AS45232,114.30.72.0/24,120
20201027,1400,AS45232,114.30.72.0/24,119
20201027,2000,AS45232,114.30.72.0/24,120
20201028,0200,AS45232,114.30.72.0/24,120
20201028,0800,AS45232,114.30.72.0/24,120
20201028,1400,AS45232,114.30.72.0/24,119
20201028,2000,AS45232,114.30.72.0/24,120
20201029,0200,AS45232,114.30.72.0/24,120
20201029,0800,AS45232,114.30.72.0/24,120
20201029,1400,AS45232,114.30.72.0/24,120
20201029,2000,AS45232,114.30.72.0/24,120
20201030,0200,AS45232,114.30.72.0/24,120
20201030,0800,AS45232,114.30.72.0/24,120
20201030,1400,AS45232,114.30.72.0/24,120
20201030,2000,AS45232,114.30.72.0/24,120
0,0,0,0,0
20201001,0200,AS45232,114.30.73.0/24,111
20201001,0800,AS45232,114.30.73.0/24,111
20201001,1400,AS45232,114.30.73.0/24,111
20201001,2000,AS45232,114.30.73.0/24,111
20201002,0200,AS45232,114.30.73.0/24,110
20201002,0800,AS45232,114.30.73.0/24,110
20201002,1400,AS45232,114.30.73.0/24,110
20201002,2000,AS45232,114.30.73.0/24,109
20201003,0200,AS45232,114.30.73.0/24,109
20201003,0800,AS45232,114.30.73.0/24,109
20201003,1400,AS45232,114.30.73.0/24,109
20201003,2000,AS45232,114.30.73.0/24,109
20201004,0200,AS45232,114.30.73.0/24,108
20201004,0800,AS45232,114.30.73.0/24,108
20201004,1400,AS45232,114.30.73.0/24,108
20201004,2000,AS45232,114.30.73.0/24,109
20201005,0200,AS45232,114.30.73.0/24,109
20201005,0800,AS45232,114.30.73.0/24,109
20201005,1400,AS45232,114.30.73.0/24,109
20201005,2000,AS45232,114.30.73.0/24,109
20201006,0200,AS45232,114.30.73.0/24,109
20201006,0800,AS45232,114.30.73.0/24,108
20201006,1400,AS45232,114.30.73.0/24,112
20201006,2000,AS45232,114.30.73.0/24,113
20201007,0200,AS45232,114.30.73.0/24,113
20201007,0800,AS45232,114.30.73.0/24,113
20201007,1400,AS45232,114.30.73.0/24,113
20201007,2000,AS45232,114.30.73.0/24,113
20201008,0200,AS45232,114.30.73.0/24,113
20201008,0800,AS45232,114.30.73.0/24,113
20201008,1400,AS45232,114.30.73.0/24,112
20201008,2000,AS45232,114.30.73.0/24,112
20201009,0200,AS45232,114.30.73.0/24,112
20201009,0800,AS45232,114.30.73.0/24,112
20201009,1400,AS45232,114.30.73.0/24,111
20201009,2000,AS45232,114.30.73.0/24,111
20201010,0200,AS45232,114.30.73.0/24,111
20201010,0800,AS45232,114.30.73.0/24,111
20201010,1400,AS45232,114.30.73.0/24,111
20201010,2000,AS45232,114.30.73.0/24,111
20201011,0200,AS45232,114.30.73.0/24,112
20201011,0800,AS45232,114.30.73.0/24,114
20201011,1400,AS45232,114.30.73.0/24,114
20201011,2000,AS45232,114.30.73.0/24,114
20201012,0200,AS45232,114.30.73.0/24,114
20201012,0800,AS45232,114.30.73.0/24,114
20201012,1400,AS45232,114.30.73.0/24,114
20201012,2000,AS45232,114.30.73.0/24,112
20201013,0200,AS45232,114.30.73.0/24,114
20201013,0800,AS45232,114.30.73.0/24,114
20201013,1400,AS45232,114.30.73.0/24,114
20201013,2000,AS45232,114.30.73.0/24,114
20201014,0200,AS45232,114.30.73.0/24,114
20201014,0800,AS45232,114.30.73.0/24,114
20201014,1400,AS45232,114.30.73.0/24,113
20201014,2000,AS45232,114.30.73.0/24,113
20201015,0200,AS45232,114.30.73.0/24,113
20201015,0800,AS45232,114.30.73.0/24,113
20201015,1400,AS45232,114.30.73.0/24,113
20201015,2000,AS45232,114.30.73.0/24,113
20201016,0200,AS45232,114.30.73.0/24,113
20201016,0800,AS45232,114.30.73.0/24,113
20201016,1400,AS45232,114.30.73.0/24,112
20201016,2000,AS45232,114.30.73.0/24,113
20201017,0200,AS45232,114.30.73.0/24,113
20201017,0800,AS45232,114.30.73.0/24,113
20201017,1400,AS45232,114.30.73.0/24,113
20201017,2000,AS45232,114.30.73.0/24,113
20201018,0200,AS45232,114.30.73.0/24,113
20201018,0800,AS45232,114.30.73.0/24,113
20201018,1400,AS45232,114.30.73.0/24,113
20201018,2000,AS45232,114.30.73.0/24,113
20201019,0200,AS45232,114.30.73.0/24,113
20201019,0800,AS45232,114.30.73.0/24,113
20201019,1400,AS45232,114.30.73.0/24,113
20201019,2000,AS45232,114.30.73.0/24,113
20201020,0200,AS45232,114.30.73.0/24,113
20201020,0800,AS45232,114.30.73.0/24,108
20201020,1400,AS45232,114.30.73.0/24,113
20201020,2000,AS45232,114.30.73.0/24,113
20201021,0200,AS45232,114.30.73.0/24,112
20201021,0800,AS45232,114.30.73.0/24,113
20201021,1400,AS45232,114.30.73.0/24,112
20201021,2000,AS45232,114.30.73.0/24,113
20201022,0200,AS45232,114.30.73.0/24,113
20201022,0800,AS45232,114.30.73.0/24,113
20201022,1400,AS45232,114.30.73.0/24,115
20201022,2000,AS45232,114.30.73.0/24,115
20201023,0200,AS45232,114.30.73.0/24,115
20201023,0800,AS45232,114.30.73.0/24,115
20201023,1400,AS45232,114.30.73.0/24,115
20201023,2000,AS45232,114.30.73.0/24,120
20201024,0200,AS45232,114.30.73.0/24,120
20201024,0800,AS45232,114.30.73.0/24,120
20201024,1400,AS45232,114.30.73.0/24,120
20201024,2000,AS45232,114.30.73.0/24,120
20201025,0200,AS45232,114.30.73.0/24,120
20201025,0800,AS45232,114.30.73.0/24,120
20201025,1400,AS45232,114.30.73.0/24,120
20201025,2000,AS45232,114.30.73.0/24,120
20201026,0200,AS45232,114.30.73.0/24,121
20201026,0800,AS45232,114.30.73.0/24,121
20201026,1400,AS45232,114.30.73.0/24,121
20201026,2000,AS45232,114.30.73.0/24,121
20201027,0200,AS45232,114.30.73.0/24,121
20201027,0800,AS45232,114.30.73.0/24,120
20201027,1400,AS45232,114.30.73.0/24,119
20201027,2000,AS45232,114.30.73.0/24,120
20201028,0200,AS45232,114.30.73.0/24,120
20201028,0800,AS45232,114.30.73.0/24,120
20201028,1400,AS45232,114.30.73.0/24,119
20201028,2000,AS45232,114.30.73.0/24,120
20201029,0200,AS45232,114.30.73.0/24,120
20201029,0800,AS45232,114.30.73.0/24,120
20201029,1400,AS45232,114.30.73.0/24,120
20201029,2000,AS45232,114.30.73.0/24,120
20201030,0200,AS45232,114.30.73.0/24,120
20201030,0800,AS45232,114.30.73.0/24,120
20201030,1400,AS45232,114.30.73.0/24,120
20201030,2000,AS45232,114.30.73.0/24,120
0,0,0,0,0
20201001,0200,AS45232,114.30.74.0/24,111
20201001,0800,AS45232,114.30.74.0/24,111
20201001,1400,AS45232,114.30.74.0/24,111
20201001,2000,AS45232,114.30.74.0/24,111
20201002,0200,AS45232,114.30.74.0/24,110
20201002,0800,AS45232,114.30.74.0/24,110
20201002,1400,AS45232,114.30.74.0/24,110
20201002,2000,AS45232,114.30.74.0/24,108
20201003,0200,AS45232,114.30.74.0/24,109
20201003,0800,AS45232,114.30.74.0/24,109
20201003,1400,AS45232,114.30.74.0/24,109
20201003,2000,AS45232,114.30.74.0/24,109
20201004,0200,AS45232,114.30.74.0/24,108
20201004,0800,AS45232,114.30.74.0/24,108
20201004,1400,AS45232,114.30.74.0/24,108
20201004,2000,AS45232,114.30.74.0/24,109
20201005,0200,AS45232,114.30.74.0/24,109
20201005,0800,AS45232,114.30.74.0/24,109
20201005,1400,AS45232,114.30.74.0/24,109
20201005,2000,AS45232,114.30.74.0/24,109
20201006,0200,AS45232,114.30.74.0/24,109
20201006,0800,AS45232,114.30.74.0/24,108
20201006,1400,AS45232,114.30.74.0/24,112
20201006,2000,AS45232,114.30.74.0/24,113
20201007,0200,AS45232,114.30.74.0/24,113
20201007,0800,AS45232,114.30.74.0/24,113
20201007,1400,AS45232,114.30.74.0/24,113
20201007,2000,AS45232,114.30.74.0/24,113
20201008,0200,AS45232,114.30.74.0/24,113
20201008,0800,AS45232,114.30.74.0/24,113
20201008,1400,AS45232,114.30.74.0/24,112
20201008,2000,AS45232,114.30.74.0/24,112
20201009,0200,AS45232,114.30.74.0/24,112
20201009,0800,AS45232,114.30.74.0/24,112
20201009,1400,AS45232,114.30.74.0/24,111
20201009,2000,AS45232,114.30.74.0/24,111
20201010,0200,AS45232,114.30.74.0/24,111
20201010,0800,AS45232,114.30.74.0/24,111
20201010,1400,AS45232,114.30.74.0/24,111
20201010,2000,AS45232,114.30.74.0/24,111
20201011,0200,AS45232,114.30.74.0/24,112
20201011,0800,AS45232,114.30.74.0/24,114
20201011,1400,AS45232,114.30.74.0/24,114
20201011,2000,AS45232,114.30.74.0/24,114
20201012,0200,AS45232,114.30.74.0/24,114
20201012,0800,AS45232,114.30.74.0/24,114
20201012,1400,AS45232,114.30.74.0/24,114
20201012,2000,AS45232,114.30.74.0/24,112
20201013,0200,AS45232,114.30.74.0/24,114
20201013,0800,AS45232,114.30.74.0/24,114
20201013,1400,AS45232,114.30.74.0/24,114
20201013,2000,AS45232,114.30.74.0/24,114
20201014,0200,AS45232,114.30.74.0/24,114
20201014,0800,AS45232,114.30.74.0/24,114
20201014,1400,AS45232,114.30.74.0/24,113
20201014,2000,AS45232,114.30.74.0/24,113
20201015,0200,AS45232,114.30.74.0/24,113
20201015,0800,AS45232,114.30.74.0/24,113
20201015,1400,AS45232,114.30.74.0/24,113
20201015,2000,AS45232,114.30.74.0/24,113
20201016,0200,AS45232,114.30.74.0/24,113
20201016,0800,AS45232,114.30.74.0/24,113
20201016,1400,AS45232,114.30.74.0/24,112
20201016,2000,AS45232,114.30.74.0/24,113
20201017,0200,AS45232,114.30.74.0/24,113
20201017,0800,AS45232,114.30.74.0/24,113
20201017,1400,AS45232,114.30.74.0/24,113
20201017,2000,AS45232,114.30.74.0/24,113
20201018,0200,AS45232,114.30.74.0/24,113
20201018,0800,AS45232,114.30.74.0/24,113
20201018,1400,AS45232,114.30.74.0/24,113
20201018,2000,AS45232,114.30.74.0/24,113
20201019,0200,AS45232,114.30.74.0/24,113
20201019,0800,AS45232,114.30.74.0/24,113
20201019,1400,AS45232,114.30.74.0/24,113
20201019,2000,AS45232,114.30.74.0/24,113
20201020,0200,AS45232,114.30.74.0/24,113
20201020,0800,AS45232,114.30.74.0/24,108
20201020,1400,AS45232,114.30.74.0/24,113
20201020,2000,AS45232,114.30.74.0/24,113
20201021,0200,AS45232,114.30.74.0/24,112
20201021,0800,AS45232,114.30.74.0/24,113
20201021,1400,AS45232,114.30.74.0/24,112
20201021,2000,AS45232,114.30.74.0/24,113
20201022,0200,AS45232,114.30.74.0/24,113
20201022,0800,AS45232,114.30.74.0/24,113
20201022,1400,AS45232,114.30.74.0/24,115
20201022,2000,AS45232,114.30.74.0/24,115
20201023,0200,AS45232,114.30.74.0/24,115
20201023,0800,AS45232,114.30.74.0/24,115
20201023,1400,AS45232,114.30.74.0/24,115
20201023,2000,AS45232,114.30.74.0/24,120
20201024,0200,AS45232,114.30.74.0/24,120
20201024,0800,AS45232,114.30.74.0/24,120
20201024,1400,AS45232,114.30.74.0/24,120
20201024,2000,AS45232,114.30.74.0/24,120
20201025,0200,AS45232,114.30.74.0/24,120
20201025,0800,AS45232,114.30.74.0/24,120
20201025,1400,AS45232,114.30.74.0/24,120
20201025,2000,AS45232,114.30.74.0/24,120
20201026,0200,AS45232,114.30.74.0/24,121
20201026,0800,AS45232,114.30.74.0/24,121
20201026,1400,AS45232,114.30.74.0/24,121
20201026,2000,AS45232,114.30.74.0/24,121
20201027,0200,AS45232,114.30.74.0/24,121
20201027,0800,AS45232,114.30.74.0/24,120
20201027,1400,AS45232,114.30.74.0/24,119
20201027,2000,AS45232,114.30.74.0/24,120
20201028,0200,AS45232,114.30.74.0/24,120
20201028,0800,AS45232,114.30.74.0/24,120
20201028,1400,AS45232,114.30.74.0/24,119
20201028,2000,AS45232,114.30.74.0/24,120
20201029,0200,AS45232,114.30.74.0/24,120
20201029,0800,AS45232,114.30.74.0/24,120
20201029,1400,AS45232,114.30.74.0/24,120
20201029,2000,AS45232,114.30.74.0/24,120
20201030,0200,AS45232,114.30.74.0/24,120
20201030,0800,AS45232,114.30.74.0/24,120
20201030,1400,AS45232,114.30.74.0/24,120
20201030,2000,AS45232,114.30.74.0/24,120
0,0,0,0,0
20201001,0200,AS45232,114.30.75.0/24,111
20201001,0800,AS45232,114.30.75.0/24,111
20201001,1400,AS45232,114.30.75.0/24,111
20201001,2000,AS45232,114.30.75.0/24,111
20201002,0200,AS45232,114.30.75.0/24,110
20201002,0800,AS45232,114.30.75.0/24,110
20201002,1400,AS45232,114.30.75.0/24,110
20201002,2000,AS45232,114.30.75.0/24,108
20201003,0200,AS45232,114.30.75.0/24,109
20201003,0800,AS45232,114.30.75.0/24,109
20201003,1400,AS45232,114.30.75.0/24,109
20201003,2000,AS45232,114.30.75.0/24,109
20201004,0200,AS45232,114.30.75.0/24,108
20201004,0800,AS45232,114.30.75.0/24,108
20201004,1400,AS45232,114.30.75.0/24,108
20201004,2000,AS45232,114.30.75.0/24,109
20201005,0200,AS45232,114.30.75.0/24,109
20201005,0800,AS45232,114.30.75.0/24,109
20201005,1400,AS45232,114.30.75.0/24,109
20201005,2000,AS45232,114.30.75.0/24,109
20201006,0200,AS45232,114.30.75.0/24,109
20201006,0800,AS45232,114.30.75.0/24,108
20201006,1400,AS45232,114.30.75.0/24,112
20201006,2000,AS45232,114.30.75.0/24,113
20201007,0200,AS45232,114.30.75.0/24,113
20201007,0800,AS45232,114.30.75.0/24,113
20201007,1400,AS45232,114.30.75.0/24,113
20201007,2000,AS45232,114.30.75.0/24,113
20201008,0200,AS45232,114.30.75.0/24,113
20201008,0800,AS45232,114.30.75.0/24,113
20201008,1400,AS45232,114.30.75.0/24,112
20201008,2000,AS45232,114.30.75.0/24,112
20201009,0200,AS45232,114.30.75.0/24,112
20201009,0800,AS45232,114.30.75.0/24,112
20201009,1400,AS45232,114.30.75.0/24,111
20201009,2000,AS45232,114.30.75.0/24,111
20201010,0200,AS45232,114.30.75.0/24,111
20201010,0800,AS45232,114.30.75.0/24,111
20201010,1400,AS45232,114.30.75.0/24,111
20201010,2000,AS45232,114.30.75.0/24,111
20201011,0200,AS45232,114.30.75.0/24,112
20201011,0800,AS45232,114.30.75.0/24,114
20201011,1400,AS45232,114.30.75.0/24,114
20201011,2000,AS45232,114.30.75.0/24,114
20201012,0200,AS45232,114.30.75.0/24,114
20201012,0800,AS45232,114.30.75.0/24,114
20201012,1400,AS45232,114.30.75.0/24,114
20201012,2000,AS45232,114.30.75.0/24,112
20201013,0200,AS45232,114.30.75.0/24,114
20201013,0800,AS45232,114.30.75.0/24,114
20201013,1400,AS45232,114.30.75.0/24,114
20201013,2000,AS45232,114.30.75.0/24,114
20201014,0200,AS45232,114.30.75.0/24,114
20201014,0800,AS45232,114.30.75.0/24,114
20201014,1400,AS45232,114.30.75.0/24,113
20201014,2000,AS45232,114.30.75.0/24,113
20201015,0200,AS45232,114.30.75.0/24,113
20201015,0800,AS45232,114.30.75.0/24,113
20201015,1400,AS45232,114.30.75.0/24,113
20201015,2000,AS45232,114.30.75.0/24,113
20201016,0200,AS45232,114.30.75.0/24,113
20201016,0800,AS45232,114.30.75.0/24,113
20201016,1400,AS45232,114.30.75.0/24,112
20201016,2000,AS45232,114.30.75.0/24,113
20201017,0200,AS45232,114.30.75.0/24,113
20201017,0800,AS45232,114.30.75.0/24,113
20201017,1400,AS45232,114.30.75.0/24,113
20201017,2000,AS45232,114.30.75.0/24,113
20201018,0200,AS45232,114.30.75.0/24,113
20201018,0800,AS45232,114.30.75.0/24,113
20201018,1400,AS45232,114.30.75.0/24,113
20201018,2000,AS45232,114.30.75.0/24,113
20201019,0200,AS45232,114.30.75.0/24,113
20201019,0800,AS45232,114.30.75.0/24,113
20201019,1400,AS45232,114.30.75.0/24,113
20201019,2000,AS45232,114.30.75.0/24,113
20201020,0200,AS45232,114.30.75.0/24,113
20201020,0800,AS45232,114.30.75.0/24,108
20201020,1400,AS45232,114.30.75.0/24,113
20201020,2000,AS45232,114.30.75.0/24,113
20201021,0200,AS45232,114.30.75.0/24,112
20201021,0800,AS45232,114.30.75.0/24,113
20201021,1400,AS45232,114.30.75.0/24,112
20201021,2000,AS45232,114.30.75.0/24,113
20201022,0200,AS45232,114.30.75.0/24,113
20201022,0800,AS45232,114.30.75.0/24,113
20201022,1400,AS45232,114.30.75.0/24,115
20201022,2000,AS45232,114.30.75.0/24,115
20201023,0200,AS45232,114.30.75.0/24,115
20201023,0800,AS45232,114.30.75.0/24,115
20201023,1400,AS45232,114.30.75.0/24,115
20201023,2000,AS45232,114.30.75.0/24,120
20201024,0200,AS45232,114.30.75.0/24,120
20201024,0800,AS45232,114.30.75.0/24,120
20201024,1400,AS45232,114.30.75.0/24,120
20201024,2000,AS45232,114.30.75.0/24,120
20201025,0200,AS45232,114.30.75.0/24,120
20201025,0800,AS45232,114.30.75.0/24,120
20201025,1400,AS45232,114.30.75.0/24,120
20201025,2000,AS45232,114.30.75.0/24,120
20201026,0200,AS45232,114.30.75.0/24,121
20201026,0800,AS45232,114.30.75.0/24,121
20201026,1400,AS45232,114.30.75.0/24,121
20201026,2000,AS45232,114.30.75.0/24,121
20201027,0200,AS45232,114.30.75.0/24,121
20201027,0800,AS45232,114.30.75.0/24,120
20201027,1400,AS45232,114.30.75.0/24,119
20201027,2000,AS45232,114.30.75.0/24,120
20201028,0200,AS45232,114.30.75.0/24,120
20201028,0800,AS45232,114.30.75.0/24,120
20201028,1400,AS45232,114.30.75.0/24,119
20201028,2000,AS45232,114.30.75.0/24,120
20201029,0200,AS45232,114.30.75.0/24,120
20201029,0800,AS45232,114.30.75.0/24,120
20201029,1400,AS45232,114.30.75.0/24,120
20201029,2000,AS45232,114.30.75.0/24,120
20201030,0200,AS45232,114.30.75.0/24,120
20201030,0800,AS45232,114.30.75.0/24,120
20201030,1400,AS45232,114.30.75.0/24,120
20201030,2000,AS45232,114.30.75.0/24,120
0,0,0,0,0
20201001,0200,AS45232,114.30.76.0/24,111
20201001,0800,AS45232,114.30.76.0/24,111
20201001,1400,AS45232,114.30.76.0/24,111
20201001,2000,AS45232,114.30.76.0/24,111
20201002,0200,AS45232,114.30.76.0/24,110
20201002,0800,AS45232,114.30.76.0/24,110
20201002,1400,AS45232,114.30.76.0/24,110
20201002,2000,AS45232,114.30.76.0/24,108
20201003,0200,AS45232,114.30.76.0/24,109
20201003,0800,AS45232,114.30.76.0/24,109
20201003,1400,AS45232,114.30.76.0/24,109
20201003,2000,AS45232,114.30.76.0/24,109
20201004,0200,AS45232,114.30.76.0/24,108
20201004,0800,AS45232,114.30.76.0/24,108
20201004,1400,AS45232,114.30.76.0/24,108
20201004,2000,AS45232,114.30.76.0/24,109
20201005,0200,AS45232,114.30.76.0/24,109
20201005,0800,AS45232,114.30.76.0/24,109
20201005,1400,AS45232,114.30.76.0/24,109
20201005,2000,AS45232,114.30.76.0/24,109
20201006,0200,AS45232,114.30.76.0/24,109
20201006,0800,AS45232,114.30.76.0/24,108
20201006,1400,AS45232,114.30.76.0/24,112
20201006,2000,AS45232,114.30.76.0/24,113
20201007,0200,AS45232,114.30.76.0/24,113
20201007,0800,AS45232,114.30.76.0/24,113
20201007,1400,AS45232,114.30.76.0/24,113
20201007,2000,AS45232,114.30.76.0/24,113
20201008,0200,AS45232,114.30.76.0/24,113
20201008,0800,AS45232,114.30.76.0/24,113
20201008,1400,AS45232,114.30.76.0/24,112
20201008,2000,AS45232,114.30.76.0/24,112
20201009,0200,AS45232,114.30.76.0/24,112
20201009,0800,AS45232,114.30.76.0/24,112
20201009,1400,AS45232,114.30.76.0/24,111
20201009,2000,AS45232,114.30.76.0/24,111
20201010,0200,AS45232,114.30.76.0/24,111
20201010,0800,AS45232,114.30.76.0/24,111
20201010,1400,AS45232,114.30.76.0/24,111
20201010,2000,AS45232,114.30.76.0/24,111
20201011,0200,AS45232,114.30.76.0/24,112
20201011,0800,AS45232,114.30.76.0/24,114
20201011,1400,AS45232,114.30.76.0/24,114
20201011,2000,AS45232,114.30.76.0/24,114
20201012,0200,AS45232,114.30.76.0/24,114
20201012,0800,AS45232,114.30.76.0/24,114
20201012,1400,AS45232,114.30.76.0/24,114
20201012,2000,AS45232,114.30.76.0/24,112
20201013,0200,AS45232,114.30.76.0/24,114
20201013,0800,AS45232,114.30.76.0/24,114
20201013,1400,AS45232,114.30.76.0/24,114
20201013,2000,AS45232,114.30.76.0/24,114
20201014,0200,AS45232,114.30.76.0/24,114
20201014,0800,AS45232,114.30.76.0/24,114
20201014,1400,AS45232,114.30.76.0/24,113
20201014,2000,AS45232,114.30.76.0/24,113
20201015,0200,AS45232,114.30.76.0/24,113
20201015,0800,AS45232,114.30.76.0/24,113
20201015,1400,AS45232,114.30.76.0/24,113
20201015,2000,AS45232,114.30.76.0/24,113
20201016,0200,AS45232,114.30.76.0/24,113
20201016,0800,AS45232,114.30.76.0/24,113
20201016,1400,AS45232,114.30.76.0/24,112
20201016,2000,AS45232,114.30.76.0/24,113
20201017,0200,AS45232,114.30.76.0/24,113
20201017,0800,AS45232,114.30.76.0/24,113
20201017,1400,AS45232,114.30.76.0/24,113
20201017,2000,AS45232,114.30.76.0/24,113
20201018,0200,AS45232,114.30.76.0/24,113
20201018,0800,AS45232,114.30.76.0/24,113
20201018,1400,AS45232,114.30.76.0/24,113
20201018,2000,AS45232,114.30.76.0/24,113
20201019,0200,AS45232,114.30.76.0/24,113
20201019,0800,AS45232,114.30.76.0/24,113
20201019,1400,AS45232,114.30.76.0/24,113
20201019,2000,AS45232,114.30.76.0/24,113
20201020,0200,AS45232,114.30.76.0/24,113
20201020,0800,AS45232,114.30.76.0/24,108
20201020,1400,AS45232,114.30.76.0/24,113
20201020,2000,AS45232,114.30.76.0/24,113
20201021,0200,AS45232,114.30.76.0/24,112
20201021,0800,AS45232,114.30.76.0/24,113
20201021,1400,AS45232,114.30.76.0/24,112
20201021,2000,AS45232,114.30.76.0/24,113
20201022,0200,AS45232,114.30.76.0/24,113
20201022,0800,AS45232,114.30.76.0/24,113
20201022,1400,AS45232,114.30.76.0/24,115
20201022,2000,AS45232,114.30.76.0/24,115
20201023,0200,AS45232,114.30.76.0/24,115
20201023,0800,AS45232,114.30.76.0/24,115
20201023,1400,AS45232,114.30.76.0/24,115
20201023,2000,AS45232,114.30.76.0/24,120
20201024,0200,AS45232,114.30.76.0/24,120
20201024,0800,AS45232,114.30.76.0/24,120
20201024,1400,AS45232,114.30.76.0/24,120
20201024,2000,AS45232,114.30.76.0/24,120
20201025,0200,AS45232,114.30.76.0/24,120
20201025,0800,AS45232,114.30.76.0/24,120
20201025,1400,AS45232,114.30.76.0/24,120
20201025,2000,AS45232,114.30.76.0/24,120
20201026,0200,AS45232,114.30.76.0/24,121
20201026,0800,AS45232,114.30.76.0/24,121
20201026,1400,AS45232,114.30.76.0/24,121
20201026,2000,AS45232,114.30.76.0/24,121
20201027,0200,AS45232,114.30.76.0/24,121
20201027,0800,AS45232,114.30.76.0/24,120
20201027,1400,AS45232,114.30.76.0/24,119
20201027,2000,AS45232,114.30.76.0/24,120
20201028,0200,AS45232,114.30.76.0/24,120
20201028,0800,AS45232,114.30.76.0/24,120
20201028,1400,AS45232,114.30.76.0/24,119
20201028,2000,AS45232,114.30.76.0/24,120
20201029,0200,AS45232,114.30.76.0/24,120
20201029,0800,AS45232,114.30.76.0/24,120
20201029,1400,AS45232,114.30.76.0/24,120
20201029,2000,AS45232,114.30.76.0/24,120
20201030,0200,AS45232,114.30.76.0/24,120
20201030,0800,AS45232,114.30.76.0/24,120
20201030,1400,AS45232,114.30.76.0/24,120
20201030,2000,AS45232,114.30.76.0/24,120
0,0,0,0,0
20201001,0200,AS45232,114.30.77.0/24,111
20201001,0800,AS45232,114.30.77.0/24,111
20201001,1400,AS45232,114.30.77.0/24,111
20201001,2000,AS45232,114.30.77.0/24,111
20201002,0200,AS45232,114.30.77.0/24,110
20201002,0800,AS45232,114.30.77.0/24,110
20201002,1400,AS45232,114.30.77.0/24,110
20201002,2000,AS45232,114.30.77.0/24,108
20201003,0200,AS45232,114.30.77.0/24,109
20201003,0800,AS45232,114.30.77.0/24,109
20201003,1400,AS45232,114.30.77.0/24,109
20201003,2000,AS45232,114.30.77.0/24,109
20201004,0200,AS45232,114.30.77.0/24,108
20201004,0800,AS45232,114.30.77.0/24,108
20201004,1400,AS45232,114.30.77.0/24,108
20201004,2000,AS45232,114.30.77.0/24,109
20201005,0200,AS45232,114.30.77.0/24,109
20201005,0800,AS45232,114.30.77.0/24,109
20201005,1400,AS45232,114.30.77.0/24,109
20201005,2000,AS45232,114.30.77.0/24,109
20201006,0200,AS45232,114.30.77.0/24,109
20201006,0800,AS45232,114.30.77.0/24,108
20201006,1400,AS45232,114.30.77.0/24,112
20201006,2000,AS45232,114.30.77.0/24,113
20201007,0200,AS45232,114.30.77.0/24,113
20201007,0800,AS45232,114.30.77.0/24,113
20201007,1400,AS45232,114.30.77.0/24,113
20201007,2000,AS45232,114.30.77.0/24,113
20201008,0200,AS45232,114.30.77.0/24,113
20201008,0800,AS45232,114.30.77.0/24,113
20201008,1400,AS45232,114.30.77.0/24,112
20201008,2000,AS45232,114.30.77.0/24,112
20201009,0200,AS45232,114.30.77.0/24,112
20201009,0800,AS45232,114.30.77.0/24,112
20201009,1400,AS45232,114.30.77.0/24,111
20201009,2000,AS45232,114.30.77.0/24,111
20201010,0200,AS45232,114.30.77.0/24,111
20201010,0800,AS45232,114.30.77.0/24,111
20201010,1400,AS45232,114.30.77.0/24,111
20201010,2000,AS45232,114.30.77.0/24,111
20201011,0200,AS45232,114.30.77.0/24,112
20201011,0800,AS45232,114.30.77.0/24,114
20201011,1400,AS45232,114.30.77.0/24,114
20201011,2000,AS45232,114.30.77.0/24,114
20201012,0200,AS45232,114.30.77.0/24,114
20201012,0800,AS45232,114.30.77.0/24,114
20201012,1400,AS45232,114.30.77.0/24,114
20201012,2000,AS45232,114.30.77.0/24,112
20201013,0200,AS45232,114.30.77.0/24,114
20201013,0800,AS45232,114.30.77.0/24,114
20201013,1400,AS45232,114.30.77.0/24,114
20201013,2000,AS45232,114.30.77.0/24,114
20201014,0200,AS45232,114.30.77.0/24,114
20201014,0800,AS45232,114.30.77.0/24,114
20201014,1400,AS45232,114.30.77.0/24,113
20201014,2000,AS45232,114.30.77.0/24,113
20201015,0200,AS45232,114.30.77.0/24,113
20201015,0800,AS45232,114.30.77.0/24,113
20201015,1400,AS45232,114.30.77.0/24,113
20201015,2000,AS45232,114.30.77.0/24,113
20201016,0200,AS45232,114.30.77.0/24,113
20201016,0800,AS45232,114.30.77.0/24,113
20201016,1400,AS45232,114.30.77.0/24,112
20201016,2000,AS45232,114.30.77.0/24,113
20201017,0200,AS45232,114.30.77.0/24,113
20201017,0800,AS45232,114.30.77.0/24,113
20201017,1400,AS45232,114.30.77.0/24,113
20201017,2000,AS45232,114.30.77.0/24,113
20201018,0200,AS45232,114.30.77.0/24,113
20201018,0800,AS45232,114.30.77.0/24,113
20201018,1400,AS45232,114.30.77.0/24,113
20201018,2000,AS45232,114.30.77.0/24,113
20201019,0200,AS45232,114.30.77.0/24,113
20201019,0800,AS45232,114.30.77.0/24,113
20201019,1400,AS45232,114.30.77.0/24,113
20201019,2000,AS45232,114.30.77.0/24,113
20201020,0200,AS45232,114.30.77.0/24,113
20201020,0800,AS45232,114.30.77.0/24,108
20201020,1400,AS45232,114.30.77.0/24,113
20201020,2000,AS45232,114.30.77.0/24,113
20201021,0200,AS45232,114.30.77.0/24,112
20201021,0800,AS45232,114.30.77.0/24,113
20201021,1400,AS45232,114.30.77.0/24,112
20201021,2000,AS45232,114.30.77.0/24,113
20201022,0200,AS45232,114.30.77.0/24,113
20201022,0800,AS45232,114.30.77.0/24,113
20201022,1400,AS45232,114.30.77.0/24,115
20201022,2000,AS45232,114.30.77.0/24,115
20201023,0200,AS45232,114.30.77.0/24,115
20201023,0800,AS45232,114.30.77.0/24,115
20201023,1400,AS45232,114.30.77.0/24,115
20201023,2000,AS45232,114.30.77.0/24,120
20201024,0200,AS45232,114.30.77.0/24,120
20201024,0800,AS45232,114.30.77.0/24,120
20201024,1400,AS45232,114.30.77.0/24,120
20201024,2000,AS45232,114.30.77.0/24,120
20201025,0200,AS45232,114.30.77.0/24,120
20201025,0800,AS45232,114.30.77.0/24,120
20201025,1400,AS45232,114.30.77.0/24,120
20201025,2000,AS45232,114.30.77.0/24,120
20201026,0200,AS45232,114.30.77.0/24,121
20201026,0800,AS45232,114.30.77.0/24,121
20201026,1400,AS45232,114.30.77.0/24,121
20201026,2000,AS45232,114.30.77.0/24,121
20201027,0200,AS45232,114.30.77.0/24,121
20201027,0800,AS45232,114.30.77.0/24,120
20201027,1400,AS45232,114.30.77.0/24,119
20201027,2000,AS45232,114.30.77.0/24,120
20201028,0200,AS45232,114.30.77.0/24,120
20201028,0800,AS45232,114.30.77.0/24,120
20201028,1400,AS45232,114.30.77.0/24,119
20201028,2000,AS45232,114.30.77.0/24,120
20201029,0200,AS45232,114.30.77.0/24,120
20201029,0800,AS45232,114.30.77.0/24,120
20201029,1400,AS45232,114.30.77.0/24,120
20201029,2000,AS45232,114.30.77.0/24,120
20201030,0200,AS45232,114.30.77.0/24,120
20201030,0800,AS45232,114.30.77.0/24,120
20201030,1400,AS45232,114.30.77.0/24,120
20201030,2000,AS45232,114.30.77.0/24,120
0,0,0,0,0
20201001,0200,AS45232,114.30.78.0/24,111
20201001,0800,AS45232,114.30.78.0/24,111
20201001,1400,AS45232,114.30.78.0/24,111
20201001,2000,AS45232,114.30.78.0/24,111
20201002,0200,AS45232,114.30.78.0/24,110
20201002,0800,AS45232,114.30.78.0/24,110
20201002,1400,AS45232,114.30.78.0/24,110
20201002,2000,AS45232,114.30.78.0/24,108
20201003,0200,AS45232,114.30.78.0/24,109
20201003,0800,AS45232,114.30.78.0/24,109
20201003,1400,AS45232,114.30.78.0/24,109
20201003,2000,AS45232,114.30.78.0/24,109
20201004,0200,AS45232,114.30.78.0/24,108
20201004,0800,AS45232,114.30.78.0/24,108
20201004,1400,AS45232,114.30.78.0/24,108
20201004,2000,AS45232,114.30.78.0/24,109
20201005,0200,AS45232,114.30.78.0/24,109
20201005,0800,AS45232,114.30.78.0/24,109
20201005,1400,AS45232,114.30.78.0/24,109
20201005,2000,AS45232,114.30.78.0/24,109
20201006,0200,AS45232,114.30.78.0/24,109
20201006,0800,AS45232,114.30.78.0/24,108
20201006,1400,AS45232,114.30.78.0/24,112
20201006,2000,AS45232,114.30.78.0/24,113
20201007,0200,AS45232,114.30.78.0/24,113
20201007,0800,AS45232,114.30.78.0/24,113
20201007,1400,AS45232,114.30.78.0/24,113
20201007,2000,AS45232,114.30.78.0/24,113
20201008,0200,AS45232,114.30.78.0/24,113
20201008,0800,AS45232,114.30.78.0/24,113
20201008,1400,AS45232,114.30.78.0/24,112
20201008,2000,AS45232,114.30.78.0/24,112
20201009,0200,AS45232,114.30.78.0/24,112
20201009,0800,AS45232,114.30.78.0/24,112
20201009,1400,AS45232,114.30.78.0/24,111
20201009,2000,AS45232,114.30.78.0/24,111
20201010,0200,AS45232,114.30.78.0/24,111
20201010,0800,AS45232,114.30.78.0/24,111
20201010,1400,AS45232,114.30.78.0/24,111
20201010,2000,AS45232,114.30.78.0/24,111
20201011,0200,AS45232,114.30.78.0/24,112
20201011,0800,AS45232,114.30.78.0/24,114
20201011,1400,AS45232,114.30.78.0/24,114
20201011,2000,AS45232,114.30.78.0/24,114
20201012,0200,AS45232,114.30.78.0/24,114
20201012,0800,AS45232,114.30.78.0/24,114
20201012,1400,AS45232,114.30.78.0/24,114
20201012,2000,AS45232,114.30.78.0/24,112
20201013,0200,AS45232,114.30.78.0/24,114
20201013,0800,AS45232,114.30.78.0/24,114
20201013,1400,AS45232,114.30.78.0/24,114
20201013,2000,AS45232,114.30.78.0/24,114
20201014,0200,AS45232,114.30.78.0/24,114
20201014,0800,AS45232,114.30.78.0/24,114
20201014,1400,AS45232,114.30.78.0/24,113
20201014,2000,AS45232,114.30.78.0/24,113
20201015,0200,AS45232,114.30.78.0/24,113
20201015,0800,AS45232,114.30.78.0/24,113
20201015,1400,AS45232,114.30.78.0/24,113
20201015,2000,AS45232,114.30.78.0/24,113
20201016,0200,AS45232,114.30.78.0/24,113
20201016,0800,AS45232,114.30.78.0/24,113
20201016,1400,AS45232,114.30.78.0/24,112
20201016,2000,AS45232,114.30.78.0/24,113
20201017,0200,AS45232,114.30.78.0/24,113
20201017,0800,AS45232,114.30.78.0/24,113
20201017,1400,AS45232,114.30.78.0/24,113
20201017,2000,AS45232,114.30.78.0/24,113
20201018,0200,AS45232,114.30.78.0/24,113
20201018,0800,AS45232,114.30.78.0/24,113
20201018,1400,AS45232,114.30.78.0/24,113
20201018,2000,AS45232,114.30.78.0/24,113
20201019,0200,AS45232,114.30.78.0/24,113
20201019,0800,AS45232,114.30.78.0/24,113
20201019,1400,AS45232,114.30.78.0/24,113
20201019,2000,AS45232,114.30.78.0/24,113
20201020,0200,AS45232,114.30.78.0/24,113
20201020,0800,AS45232,114.30.78.0/24,108
20201020,1400,AS45232,114.30.78.0/24,113
20201020,2000,AS45232,114.30.78.0/24,113
20201021,0200,AS45232,114.30.78.0/24,112
20201021,0800,AS45232,114.30.78.0/24,113
20201021,1400,AS45232,114.30.78.0/24,112
20201021,2000,AS45232,114.30.78.0/24,113
20201022,0200,AS45232,114.30.78.0/24,113
20201022,0800,AS45232,114.30.78.0/24,113
20201022,1400,AS45232,114.30.78.0/24,115
20201022,2000,AS45232,114.30.78.0/24,115
20201023,0200,AS45232,114.30.78.0/24,115
20201023,0800,AS45232,114.30.78.0/24,115
20201023,1400,AS45232,114.30.78.0/24,115
20201023,2000,AS45232,114.30.78.0/24,120
20201024,0200,AS45232,114.30.78.0/24,120
20201024,0800,AS45232,114.30.78.0/24,120
20201024,1400,AS45232,114.30.78.0/24,120
20201024,2000,AS45232,114.30.78.0/24,120
20201025,0200,AS45232,114.30.78.0/24,120
20201025,0800,AS45232,114.30.78.0/24,120
20201025,1400,AS45232,114.30.78.0/24,120
20201025,2000,AS45232,114.30.78.0/24,120
20201026,0200,AS45232,114.30.78.0/24,121
20201026,0800,AS45232,114.30.78.0/24,121
20201026,1400,AS45232,114.30.78.0/24,121
20201026,2000,AS45232,114.30.78.0/24,121
20201027,0200,AS45232,114.30.78.0/24,121
20201027,0800,AS45232,114.30.78.0/24,120
20201027,1400,AS45232,114.30.78.0/24,119
20201027,2000,AS45232,114.30.78.0/24,120
20201028,0200,AS45232,114.30.78.0/24,120
20201028,0800,AS45232,114.30.78.0/24,120
20201028,1400,AS45232,114.30.78.0/24,119
20201028,2000,AS45232,114.30.78.0/24,120
20201029,0200,AS45232,114.30.78.0/24,120
20201029,0800,AS45232,114.30.78.0/24,120
20201029,1400,AS45232,114.30.78.0/24,120
20201029,2000,AS45232,114.30.78.0/24,120
20201030,0200,AS45232,114.30.78.0/24,120
20201030,0800,AS45232,114.30.78.0/24,120
20201030,1400,AS45232,114.30.78.0/24,120
20201030,2000,AS45232,114.30.78.0/24,120
0,0,0,0,0
20201001,0200,AS45232,114.30.79.0/24,111
20201001,0800,AS45232,114.30.79.0/24,111
20201001,1400,AS45232,114.30.79.0/24,111
20201001,2000,AS45232,114.30.79.0/24,111
20201002,0200,AS45232,114.30.79.0/24,110
20201002,0800,AS45232,114.30.79.0/24,110
20201002,1400,AS45232,114.30.79.0/24,110
20201002,2000,AS45232,114.30.79.0/24,109
20201003,0200,AS45232,114.30.79.0/24,109
20201003,0800,AS45232,114.30.79.0/24,109
20201003,1400,AS45232,114.30.79.0/24,109
20201003,2000,AS45232,114.30.79.0/24,109
20201004,0200,AS45232,114.30.79.0/24,108
20201004,0800,AS45232,114.30.79.0/24,108
20201004,1400,AS45232,114.30.79.0/24,108
20201004,2000,AS45232,114.30.79.0/24,109
20201005,0200,AS45232,114.30.79.0/24,109
20201005,0800,AS45232,114.30.79.0/24,109
20201005,1400,AS45232,114.30.79.0/24,109
20201005,2000,AS45232,114.30.79.0/24,109
20201006,0200,AS45232,114.30.79.0/24,109
20201006,0800,AS45232,114.30.79.0/24,108
20201006,1400,AS45232,114.30.79.0/24,112
20201006,2000,AS45232,114.30.79.0/24,113
20201007,0200,AS45232,114.30.79.0/24,113
20201007,0800,AS45232,114.30.79.0/24,113
20201007,1400,AS45232,114.30.79.0/24,113
20201007,2000,AS45232,114.30.79.0/24,113
20201008,0200,AS45232,114.30.79.0/24,113
20201008,0800,AS45232,114.30.79.0/24,113
20201008,1400,AS45232,114.30.79.0/24,112
20201008,2000,AS45232,114.30.79.0/24,112
20201009,0200,AS45232,114.30.79.0/24,112
20201009,0800,AS45232,114.30.79.0/24,112
20201009,1400,AS45232,114.30.79.0/24,111
20201009,2000,AS45232,114.30.79.0/24,111
20201010,0200,AS45232,114.30.79.0/24,111
20201010,0800,AS45232,114.30.79.0/24,111
20201010,1400,AS45232,114.30.79.0/24,111
20201010,2000,AS45232,114.30.79.0/24,111
20201011,0200,AS45232,114.30.79.0/24,112
20201011,0800,AS45232,114.30.79.0/24,114
20201011,1400,AS45232,114.30.79.0/24,114
20201011,2000,AS45232,114.30.79.0/24,114
20201012,0200,AS45232,114.30.79.0/24,114
20201012,0800,AS45232,114.30.79.0/24,114
20201012,1400,AS45232,114.30.79.0/24,114
20201012,2000,AS45232,114.30.79.0/24,112
20201013,0200,AS45232,114.30.79.0/24,114
20201013,0800,AS45232,114.30.79.0/24,114
20201013,1400,AS45232,114.30.79.0/24,114
20201013,2000,AS45232,114.30.79.0/24,114
20201014,0200,AS45232,114.30.79.0/24,114
20201014,0800,AS45232,114.30.79.0/24,114
20201014,1400,AS45232,114.30.79.0/24,113
20201014,2000,AS45232,114.30.79.0/24,113
20201015,0200,AS45232,114.30.79.0/24,113
20201015,0800,AS45232,114.30.79.0/24,113
20201015,1400,AS45232,114.30.79.0/24,113
20201015,2000,AS45232,114.30.79.0/24,113
20201016,0200,AS45232,114.30.79.0/24,113
20201016,0800,AS45232,114.30.79.0/24,113
20201016,1400,AS45232,114.30.79.0/24,112
20201016,2000,AS45232,114.30.79.0/24,113
20201017,0200,AS45232,114.30.79.0/24,113
20201017,0800,AS45232,114.30.79.0/24,113
20201017,1400,AS45232,114.30.79.0/24,113
20201017,2000,AS45232,114.30.79.0/24,113
20201018,0200,AS45232,114.30.79.0/24,113
20201018,0800,AS45232,114.30.79.0/24,113
20201018,1400,AS45232,114.30.79.0/24,113
20201018,2000,AS45232,114.30.79.0/24,113
20201019,0200,AS45232,114.30.79.0/24,113
20201019,0800,AS45232,114.30.79.0/24,113
20201019,1400,AS45232,114.30.79.0/24,113
20201019,2000,AS45232,114.30.79.0/24,113
20201020,0200,AS45232,114.30.79.0/24,113
20201020,0800,AS45232,114.30.79.0/24,108
20201020,1400,AS45232,114.30.79.0/24,113
20201020,2000,AS45232,114.30.79.0/24,113
20201021,0200,AS45232,114.30.79.0/24,112
20201021,0800,AS45232,114.30.79.0/24,113
20201021,1400,AS45232,114.30.79.0/24,112
20201021,2000,AS45232,114.30.79.0/24,113
20201022,0200,AS45232,114.30.79.0/24,113
20201022,0800,AS45232,114.30.79.0/24,113
20201022,1400,AS45232,114.30.79.0/24,115
20201022,2000,AS45232,114.30.79.0/24,115
20201023,0200,AS45232,114.30.79.0/24,115
20201023,0800,AS45232,114.30.79.0/24,115
20201023,1400,AS45232,114.30.79.0/24,115
20201023,2000,AS45232,114.30.79.0/24,120
20201024,0200,AS45232,114.30.79.0/24,120
20201024,0800,AS45232,114.30.79.0/24,120
20201024,1400,AS45232,114.30.79.0/24,120
20201024,2000,AS45232,114.30.79.0/24,120
20201025,0200,AS45232,114.30.79.0/24,120
20201025,0800,AS45232,114.30.79.0/24,120
20201025,1400,AS45232,114.30.79.0/24,120
20201025,2000,AS45232,114.30.79.0/24,120
20201026,0200,AS45232,114.30.79.0/24,121
20201026,0800,AS45232,114.30.79.0/24,121
20201026,1400,AS45232,114.30.79.0/24,121
20201026,2000,AS45232,114.30.79.0/24,121
20201027,0200,AS45232,114.30.79.0/24,121
20201027,0800,AS45232,114.30.79.0/24,120
20201027,1400,AS45232,114.30.79.0/24,119
20201027,2000,AS45232,114.30.79.0/24,120
20201028,0200,AS45232,114.30.79.0/24,120
20201028,0800,AS45232,114.30.79.0/24,120
20201028,1400,AS45232,114.30.79.0/24,119
20201028,2000,AS45232,114.30.79.0/24,120
20201029,0200,AS45232,114.30.79.0/24,120
20201029,0800,AS45232,114.30.79.0/24,120
20201029,1400,AS45232,114.30.79.0/24,120
20201029,2000,AS45232,114.30.79.0/24,120
20201030,0200,AS45232,114.30.79.0/24,120
20201030,0800,AS45232,114.30.79.0/24,120
20201030,1400,AS45232,114.30.79.0/24,120
20201030,2000,AS45232,114.30.79.0/24,120
0,0,0,0,0
20201001,0200,AS45232,157.119.228.0/24,114
20201001,0800,AS45232,157.119.228.0/24,114
20201001,1400,AS45232,157.119.228.0/24,114
20201001,2000,AS45232,157.119.228.0/24,114
20201002,0200,AS45232,157.119.228.0/24,113
20201002,0800,AS45232,157.119.228.0/24,113
20201002,1400,AS45232,157.119.228.0/24,113
20201002,2000,AS45232,157.119.228.0/24,111
20201003,0200,AS45232,157.119.228.0/24,112
20201003,0800,AS45232,157.119.228.0/24,112
20201003,1400,AS45232,157.119.228.0/24,112
20201003,2000,AS45232,157.119.228.0/24,112
20201004,0200,AS45232,157.119.228.0/24,111
20201004,0800,AS45232,157.119.228.0/24,111
20201004,1400,AS45232,157.119.228.0/24,111
20201004,2000,AS45232,157.119.228.0/24,112
20201005,0200,AS45232,157.119.228.0/24,112
20201005,0800,AS45232,157.119.228.0/24,112
20201005,1400,AS45232,157.119.228.0/24,112
20201005,2000,AS45232,157.119.228.0/24,112
20201006,0200,AS45232,157.119.228.0/24,112
20201006,0800,AS45232,157.119.228.0/24,111
20201006,1400,AS45232,157.119.228.0/24,115
20201006,2000,AS45232,157.119.228.0/24,116
20201007,0200,AS45232,157.119.228.0/24,116
20201007,0800,AS45232,157.119.228.0/24,116
20201007,1400,AS45232,157.119.228.0/24,116
20201007,2000,AS45232,157.119.228.0/24,116
20201008,0200,AS45232,157.119.228.0/24,116
20201008,0800,AS45232,157.119.228.0/24,116
20201008,1400,AS45232,157.119.228.0/24,115
20201008,2000,AS45232,157.119.228.0/24,115
20201009,0200,AS45232,157.119.228.0/24,115
20201009,0800,AS45232,157.119.228.0/24,115
20201009,1400,AS45232,157.119.228.0/24,114
20201009,2000,AS45232,157.119.228.0/24,114
20201010,0200,AS45232,157.119.228.0/24,114
20201010,0800,AS45232,157.119.228.0/24,114
20201010,1400,AS45232,157.119.228.0/24,114
20201010,2000,AS45232,157.119.228.0/24,114
20201011,0200,AS45232,157.119.228.0/24,115
20201011,0800,AS45232,157.119.228.0/24,117
20201011,1400,AS45232,157.119.228.0/24,117
20201011,2000,AS45232,157.119.228.0/24,117
20201012,0200,AS45232,157.119.228.0/24,117
20201012,0800,AS45232,157.119.228.0/24,117
20201012,1400,AS45232,157.119.228.0/24,117
20201012,2000,AS45232,157.119.228.0/24,115
20201013,0200,AS45232,157.119.228.0/24,117
20201013,0800,AS45232,157.119.228.0/24,117
20201013,1400,AS45232,157.119.228.0/24,117
20201013,2000,AS45232,157.119.228.0/24,117
20201014,0200,AS45232,157.119.228.0/24,117
20201014,0800,AS45232,157.119.228.0/24,117
20201014,1400,AS45232,157.119.228.0/24,116
20201014,2000,AS45232,157.119.228.0/24,116
20201015,0200,AS45232,157.119.228.0/24,116
20201015,0800,AS45232,157.119.228.0/24,116
20201015,1400,AS45232,157.119.228.0/24,116
20201015,2000,AS45232,157.119.228.0/24,116
20201016,0200,AS45232,157.119.228.0/24,116
20201016,0800,AS45232,157.119.228.0/24,116
20201016,1400,AS45232,157.119.228.0/24,115
20201016,2000,AS45232,157.119.228.0/24,116
20201017,0200,AS45232,157.119.228.0/24,116
20201017,0800,AS45232,157.119.228.0/24,116
20201017,1400,AS45232,157.119.228.0/24,116
20201017,2000,AS45232,157.119.228.0/24,116
20201018,0200,AS45232,157.119.228.0/24,116
20201018,0800,AS45232,157.119.228.0/24,116
20201018,1400,AS45232,157.119.228.0/24,116
20201018,2000,AS45232,157.119.228.0/24,116
20201019,0200,AS45232,157.119.228.0/24,116
20201019,0800,AS45232,157.119.228.0/24,116
20201019,1400,AS45232,157.119.228.0/24,116
20201019,2000,AS45232,157.119.228.0/24,116
20201020,0200,AS45232,157.119.228.0/24,116
20201020,0800,AS45232,157.119.228.0/24,113
20201020,1400,AS45232,157.119.228.0/24,116
20201020,2000,AS45232,157.119.228.0/24,116
20201021,0200,AS45232,157.119.228.0/24,115
20201021,0800,AS45232,157.119.228.0/24,116
20201021,1400,AS45232,157.119.228.0/24,115
20201021,2000,AS45232,157.119.228.0/24,116
20201022,0200,AS45232,157.119.228.0/24,116
20201022,0800,AS45232,157.119.228.0/24,116
20201022,1400,AS45232,157.119.228.0/24,118
20201022,2000,AS45232,157.119.228.0/24,118
20201023,0200,AS45232,157.119.228.0/24,118
20201023,0800,AS45232,157.119.228.0/24,118
20201023,1400,AS45232,157.119.228.0/24,118
20201023,2000,AS45232,157.119.228.0/24,123
20201024,0200,AS45232,157.119.228.0/24,123
20201024,0800,AS45232,157.119.228.0/24,123
20201024,1400,AS45232,157.119.228.0/24,123
20201024,2000,AS45232,157.119.228.0/24,123
20201025,0200,AS45232,157.119.228.0/24,123
20201025,0800,AS45232,157.119.228.0/24,123
20201025,1400,AS45232,157.119.228.0/24,123
20201025,2000,AS45232,157.119.228.0/24,123
20201026,0200,AS45232,157.119.228.0/24,124
20201026,0800,AS45232,157.119.228.0/24,124
20201026,1400,AS45232,157.119.228.0/24,124
20201026,2000,AS45232,157.119.228.0/24,124
20201027,0200,AS45232,157.119.228.0/24,124
20201027,0800,AS45232,157.119.228.0/24,123
20201027,1400,AS45232,157.119.228.0/24,122
20201027,2000,AS45232,157.119.228.0/24,123
20201028,0200,AS45232,157.119.228.0/24,123
20201028,0800,AS45232,157.119.228.0/24,123
20201028,1400,AS45232,157.119.228.0/24,122
20201028,2000,AS45232,157.119.228.0/24,123
20201029,0200,AS45232,157.119.228.0/24,123
20201029,0800,AS45232,157.119.228.0/24,123
20201029,1400,AS45232,157.119.228.0/24,123
20201029,2000,AS45232,157.119.228.0/24,123
20201030,0200,AS45232,157.119.228.0/24,123
20201030,0800,AS45232,157.119.228.0/24,123
20201030,1400,AS45232,157.119.228.0/24,123
20201030,2000,AS45232,157.119.228.0/24,123
0,0,0,0,0
20201001,0200,AS45232,157.119.229.0/24,114
20201001,0800,AS45232,157.119.229.0/24,114
20201001,1400,AS45232,157.119.229.0/24,114
20201001,2000,AS45232,157.119.229.0/24,114
20201002,0200,AS45232,157.119.229.0/24,113
20201002,0800,AS45232,157.119.229.0/24,113
20201002,1400,AS45232,157.119.229.0/24,113
20201002,2000,AS45232,157.119.229.0/24,111
20201003,0200,AS45232,157.119.229.0/24,112
20201003,0800,AS45232,157.119.229.0/24,112
20201003,1400,AS45232,157.119.229.0/24,112
20201003,2000,AS45232,157.119.229.0/24,112
20201004,0200,AS45232,157.119.229.0/24,111
20201004,0800,AS45232,157.119.229.0/24,111
20201004,1400,AS45232,157.119.229.0/24,111
20201004,2000,AS45232,157.119.229.0/24,112
20201005,0200,AS45232,157.119.229.0/24,112
20201005,0800,AS45232,157.119.229.0/24,112
20201005,1400,AS45232,157.119.229.0/24,112
20201005,2000,AS45232,157.119.229.0/24,112
20201006,0200,AS45232,157.119.229.0/24,112
20201006,0800,AS45232,157.119.229.0/24,111
20201006,1400,AS45232,157.119.229.0/24,115
20201006,2000,AS45232,157.119.229.0/24,116
20201007,0200,AS45232,157.119.229.0/24,116
20201007,0800,AS45232,157.119.229.0/24,116
20201007,1400,AS45232,157.119.229.0/24,116
20201007,2000,AS45232,157.119.229.0/24,116
20201008,0200,AS45232,157.119.229.0/24,116
20201008,0800,AS45232,157.119.229.0/24,116
20201008,1400,AS45232,157.119.229.0/24,115
20201008,2000,AS45232,157.119.229.0/24,115
20201009,0200,AS45232,157.119.229.0/24,115
20201009,0800,AS45232,157.119.229.0/24,115
20201009,1400,AS45232,157.119.229.0/24,114
20201009,2000,AS45232,157.119.229.0/24,114
20201010,0200,AS45232,157.119.229.0/24,114
20201010,0800,AS45232,157.119.229.0/24,114
20201010,1400,AS45232,157.119.229.0/24,114
20201010,2000,AS45232,157.119.229.0/24,114
20201011,0200,AS45232,157.119.229.0/24,115
20201011,0800,AS45232,157.119.229.0/24,117
20201011,1400,AS45232,157.119.229.0/24,117
20201011,2000,AS45232,157.119.229.0/24,117
20201012,0200,AS45232,157.119.229.0/24,117
20201012,0800,AS45232,157.119.229.0/24,117
20201012,1400,AS45232,157.119.229.0/24,117
20201012,2000,AS45232,157.119.229.0/24,115
20201013,0200,AS45232,157.119.229.0/24,117
20201013,0800,AS45232,157.119.229.0/24,117
20201013,1400,AS45232,157.119.229.0/24,117
20201013,2000,AS45232,157.119.229.0/24,117
20201014,0200,AS45232,157.119.229.0/24,117
20201014,0800,AS45232,157.119.229.0/24,117
20201014,1400,AS45232,157.119.229.0/24,116
20201014,2000,AS45232,157.119.229.0/24,116
20201015,0200,AS45232,157.119.229.0/24,116
20201015,0800,AS45232,157.119.229.0/24,116
20201015,1400,AS45232,157.119.229.0/24,116
20201015,2000,AS45232,157.119.229.0/24,116
20201016,0200,AS45232,157.119.229.0/24,116
20201016,0800,AS45232,157.119.229.0/24,116
20201016,1400,AS45232,157.119.229.0/24,115
20201016,2000,AS45232,157.119.229.0/24,116
20201017,0200,AS45232,157.119.229.0/24,116
20201017,0800,AS45232,157.119.229.0/24,116
20201017,1400,AS45232,157.119.229.0/24,116
20201017,2000,AS45232,157.119.229.0/24,116
20201018,0200,AS45232,157.119.229.0/24,116
20201018,0800,AS45232,157.119.229.0/24,116
20201018,1400,AS45232,157.119.229.0/24,116
20201018,2000,AS45232,157.119.229.0/24,116
20201019,0200,AS45232,157.119.229.0/24,116
20201019,0800,AS45232,157.119.229.0/24,116
20201019,1400,AS45232,157.119.229.0/24,116
20201019,2000,AS45232,157.119.229.0/24,116
20201020,0200,AS45232,157.119.229.0/24,116
20201020,0800,AS45232,157.119.229.0/24,113
20201020,1400,AS45232,157.119.229.0/24,116
20201020,2000,AS45232,157.119.229.0/24,116
20201021,0200,AS45232,157.119.229.0/24,115
20201021,0800,AS45232,157.119.229.0/24,116
20201021,1400,AS45232,157.119.229.0/24,115
20201021,2000,AS45232,157.119.229.0/24,116
20201022,0200,AS45232,157.119.229.0/24,116
20201022,0800,AS45232,157.119.229.0/24,116
20201022,1400,AS45232,157.119.229.0/24,118
20201022,2000,AS45232,157.119.229.0/24,118
20201023,0200,AS45232,157.119.229.0/24,118
20201023,0800,AS45232,157.119.229.0/24,118
20201023,1400,AS45232,157.119.229.0/24,118
20201023,2000,AS45232,157.119.229.0/24,123
20201024,0200,AS45232,157.119.229.0/24,123
20201024,0800,AS45232,157.119.229.0/24,123
20201024,1400,AS45232,157.119.229.0/24,123
20201024,2000,AS45232,157.119.229.0/24,123
20201025,0200,AS45232,157.119.229.0/24,123
20201025,0800,AS45232,157.119.229.0/24,123
20201025,1400,AS45232,157.119.229.0/24,123
20201025,2000,AS45232,157.119.229.0/24,123
20201026,0200,AS45232,157.119.229.0/24,124
20201026,0800,AS45232,157.119.229.0/24,124
20201026,1400,AS45232,157.119.229.0/24,124
20201026,2000,AS45232,157.119.229.0/24,124
20201027,0200,AS45232,157.119.229.0/24,124
20201027,0800,AS45232,157.119.229.0/24,123
20201027,1400,AS45232,157.119.229.0/24,122
20201027,2000,AS45232,157.119.229.0/24,123
20201028,0200,AS45232,157.119.229.0/24,123
20201028,0800,AS45232,157.119.229.0/24,123
20201028,1400,AS45232,157.119.229.0/24,122
20201028,2000,AS45232,157.119.229.0/24,123
20201029,0200,AS45232,157.119.229.0/24,123
20201029,0800,AS45232,157.119.229.0/24,123
20201029,1400,AS45232,157.119.229.0/24,123
20201029,2000,AS45232,157.119.229.0/24,123
20201030,0200,AS45232,157.119.229.0/24,123
20201030,0800,AS45232,157.119.229.0/24,123
20201030,1400,AS45232,157.119.229.0/24,123
20201030,2000,AS45232,157.119.229.0/24,123
0,0,0,0,0
20201001,0200,AS45232,157.119.230.0/24,114
20201001,0800,AS45232,157.119.230.0/24,114
20201001,1400,AS45232,157.119.230.0/24,114
20201001,2000,AS45232,157.119.230.0/24,114
20201002,0200,AS45232,157.119.230.0/24,113
20201002,0800,AS45232,157.119.230.0/24,113
20201002,1400,AS45232,157.119.230.0/24,113
20201002,2000,AS45232,157.119.230.0/24,111
20201003,0200,AS45232,157.119.230.0/24,112
20201003,0800,AS45232,157.119.230.0/24,112
20201003,1400,AS45232,157.119.230.0/24,112
20201003,2000,AS45232,157.119.230.0/24,112
20201004,0200,AS45232,157.119.230.0/24,111
20201004,0800,AS45232,157.119.230.0/24,111
20201004,1400,AS45232,157.119.230.0/24,111
20201004,2000,AS45232,157.119.230.0/24,112
20201005,0200,AS45232,157.119.230.0/24,112
20201005,0800,AS45232,157.119.230.0/24,112
20201005,1400,AS45232,157.119.230.0/24,112
20201005,2000,AS45232,157.119.230.0/24,112
20201006,0200,AS45232,157.119.230.0/24,112
20201006,0800,AS45232,157.119.230.0/24,111
20201006,1400,AS45232,157.119.230.0/24,115
20201006,2000,AS45232,157.119.230.0/24,116
20201007,0200,AS45232,157.119.230.0/24,116
20201007,0800,AS45232,157.119.230.0/24,116
20201007,1400,AS45232,157.119.230.0/24,116
20201007,2000,AS45232,157.119.230.0/24,116
20201008,0200,AS45232,157.119.230.0/24,116
20201008,0800,AS45232,157.119.230.0/24,116
20201008,1400,AS45232,157.119.230.0/24,115
20201008,2000,AS45232,157.119.230.0/24,115
20201009,0200,AS45232,157.119.230.0/24,115
20201009,0800,AS45232,157.119.230.0/24,115
20201009,1400,AS45232,157.119.230.0/24,114
20201009,2000,AS45232,157.119.230.0/24,114
20201010,0200,AS45232,157.119.230.0/24,114
20201010,0800,AS45232,157.119.230.0/24,114
20201010,1400,AS45232,157.119.230.0/24,114
20201010,2000,AS45232,157.119.230.0/24,114
20201011,0200,AS45232,157.119.230.0/24,115
20201011,0800,AS45232,157.119.230.0/24,117
20201011,1400,AS45232,157.119.230.0/24,117
20201011,2000,AS45232,157.119.230.0/24,117
20201012,0200,AS45232,157.119.230.0/24,117
20201012,0800,AS45232,157.119.230.0/24,117
20201012,1400,AS45232,157.119.230.0/24,117
20201012,2000,AS45232,157.119.230.0/24,115
20201013,0200,AS45232,157.119.230.0/24,117
20201013,0800,AS45232,157.119.230.0/24,117
20201013,1400,AS45232,157.119.230.0/24,117
20201013,2000,AS45232,157.119.230.0/24,117
20201014,0200,AS45232,157.119.230.0/24,117
20201014,0800,AS45232,157.119.230.0/24,117
20201014,1400,AS45232,157.119.230.0/24,116
20201014,2000,AS45232,157.119.230.0/24,116
20201015,0200,AS45232,157.119.230.0/24,116
20201015,0800,AS45232,157.119.230.0/24,116
20201015,1400,AS45232,157.119.230.0/24,116
20201015,2000,AS45232,157.119.230.0/24,116
20201016,0200,AS45232,157.119.230.0/24,116
20201016,0800,AS45232,157.119.230.0/24,116
20201016,1400,AS45232,157.119.230.0/24,115
20201016,2000,AS45232,157.119.230.0/24,116
20201017,0200,AS45232,157.119.230.0/24,116
20201017,0800,AS45232,157.119.230.0/24,116
20201017,1400,AS45232,157.119.230.0/24,116
20201017,2000,AS45232,157.119.230.0/24,116
20201018,0200,AS45232,157.119.230.0/24,116
20201018,0800,AS45232,157.119.230.0/24,116
20201018,1400,AS45232,157.119.230.0/24,116
20201018,2000,AS45232,157.119.230.0/24,116
20201019,0200,AS45232,157.119.230.0/24,116
20201019,0800,AS45232,157.119.230.0/24,116
20201019,1400,AS45232,157.119.230.0/24,116
20201019,2000,AS45232,157.119.230.0/24,116
20201020,0200,AS45232,157.119.230.0/24,116
20201020,0800,AS45232,157.119.230.0/24,113
20201020,1400,AS45232,157.119.230.0/24,116
20201020,2000,AS45232,157.119.230.0/24,116
20201021,0200,AS45232,157.119.230.0/24,115
20201021,0800,AS45232,157.119.230.0/24,116
20201021,1400,AS45232,157.119.230.0/24,115
20201021,2000,AS45232,157.119.230.0/24,116
20201022,0200,AS45232,157.119.230.0/24,116
20201022,0800,AS45232,157.119.230.0/24,116
20201022,1400,AS45232,157.119.230.0/24,118
20201022,2000,AS45232,157.119.230.0/24,118
20201023,0200,AS45232,157.119.230.0/24,118
20201023,0800,AS45232,157.119.230.0/24,118
20201023,1400,AS45232,157.119.230.0/24,118
20201023,2000,AS45232,157.119.230.0/24,123
20201024,0200,AS45232,157.119.230.0/24,123
20201024,0800,AS45232,157.119.230.0/24,123
20201024,1400,AS45232,157.119.230.0/24,123
20201024,2000,AS45232,157.119.230.0/24,123
20201025,0200,AS45232,157.119.230.0/24,123
20201025,0800,AS45232,157.119.230.0/24,123
20201025,1400,AS45232,157.119.230.0/24,123
20201025,2000,AS45232,157.119.230.0/24,123
20201026,0200,AS45232,157.119.230.0/24,124
20201026,0800,AS45232,157.119.230.0/24,124
20201026,1400,AS45232,157.119.230.0/24,124
20201026,2000,AS45232,157.119.230.0/24,124
20201027,0200,AS45232,157.119.230.0/24,124
20201027,0800,AS45232,157.119.230.0/24,123
20201027,1400,AS45232,157.119.230.0/24,122
20201027,2000,AS45232,157.119.230.0/24,123
20201028,0200,AS45232,157.119.230.0/24,123
20201028,0800,AS45232,157.119.230.0/24,123
20201028,1400,AS45232,157.119.230.0/24,122
20201028,2000,AS45232,157.119.230.0/24,123
20201029,0200,AS45232,157.119.230.0/24,123
20201029,0800,AS45232,157.119.230.0/24,123
20201029,1400,AS45232,157.119.230.0/24,123
20201029,2000,AS45232,157.119.230.0/24,123
20201030,0200,AS45232,157.119.230.0/24,123
20201030,0800,AS45232,157.119.230.0/24,123
20201030,1400,AS45232,157.119.230.0/24,123
20201030,2000,AS45232,157.119.230.0/24,123
0,0,0,0,0
20201001,0200,AS45232,157.119.231.0/24,114
20201001,0800,AS45232,157.119.231.0/24,114
20201001,1400,AS45232,157.119.231.0/24,114
20201001,2000,AS45232,157.119.231.0/24,114
20201002,0200,AS45232,157.119.231.0/24,113
20201002,0800,AS45232,157.119.231.0/24,113
20201002,1400,AS45232,157.119.231.0/24,113
20201002,2000,AS45232,157.119.231.0/24,111
20201003,0200,AS45232,157.119.231.0/24,112
20201003,0800,AS45232,157.119.231.0/24,112
20201003,1400,AS45232,157.119.231.0/24,112
20201003,2000,AS45232,157.119.231.0/24,112
20201004,0200,AS45232,157.119.231.0/24,111
20201004,0800,AS45232,157.119.231.0/24,111
20201004,1400,AS45232,157.119.231.0/24,111
20201004,2000,AS45232,157.119.231.0/24,112
20201005,0200,AS45232,157.119.231.0/24,112
20201005,0800,AS45232,157.119.231.0/24,112
20201005,1400,AS45232,157.119.231.0/24,112
20201005,2000,AS45232,157.119.231.0/24,112
20201006,0200,AS45232,157.119.231.0/24,112
20201006,0800,AS45232,157.119.231.0/24,111
20201006,1400,AS45232,157.119.231.0/24,115
20201006,2000,AS45232,157.119.231.0/24,116
20201007,0200,AS45232,157.119.231.0/24,116
20201007,0800,AS45232,157.119.231.0/24,116
20201007,1400,AS45232,157.119.231.0/24,116
20201007,2000,AS45232,157.119.231.0/24,116
20201008,0200,AS45232,157.119.231.0/24,116
20201008,0800,AS45232,157.119.231.0/24,116
20201008,1400,AS45232,157.119.231.0/24,115
20201008,2000,AS45232,157.119.231.0/24,115
20201009,0200,AS45232,157.119.231.0/24,115
20201009,0800,AS45232,157.119.231.0/24,115
20201009,1400,AS45232,157.119.231.0/24,114
20201009,2000,AS45232,157.119.231.0/24,114
20201010,0200,AS45232,157.119.231.0/24,114
20201010,0800,AS45232,157.119.231.0/24,114
20201010,1400,AS45232,157.119.231.0/24,114
20201010,2000,AS45232,157.119.231.0/24,114
20201011,0200,AS45232,157.119.231.0/24,115
20201011,0800,AS45232,157.119.231.0/24,117
20201011,1400,AS45232,157.119.231.0/24,117
20201011,2000,AS45232,157.119.231.0/24,117
20201012,0200,AS45232,157.119.231.0/24,117
20201012,0800,AS45232,157.119.231.0/24,117
20201012,1400,AS45232,157.119.231.0/24,117
20201012,2000,AS45232,157.119.231.0/24,115
20201013,0200,AS45232,157.119.231.0/24,117
20201013,0800,AS45232,157.119.231.0/24,117
20201013,1400,AS45232,157.119.231.0/24,117
20201013,2000,AS45232,157.119.231.0/24,117
20201014,0200,AS45232,157.119.231.0/24,117
20201014,0800,AS45232,157.119.231.0/24,117
20201014,1400,AS45232,157.119.231.0/24,116
20201014,2000,AS45232,157.119.231.0/24,116
20201015,0200,AS45232,157.119.231.0/24,116
20201015,0800,AS45232,157.119.231.0/24,116
20201015,1400,AS45232,157.119.231.0/24,116
20201015,2000,AS45232,157.119.231.0/24,116
20201016,0200,AS45232,157.119.231.0/24,116
20201016,0800,AS45232,157.119.231.0/24,116
20201016,1400,AS45232,157.119.231.0/24,115
20201016,2000,AS45232,157.119.231.0/24,116
20201017,0200,AS45232,157.119.231.0/24,116
20201017,0800,AS45232,157.119.231.0/24,116
20201017,1400,AS45232,157.119.231.0/24,116
20201017,2000,AS45232,157.119.231.0/24,116
20201018,0200,AS45232,157.119.231.0/24,116
20201018,0800,AS45232,157.119.231.0/24,116
20201018,1400,AS45232,157.119.231.0/24,116
20201018,2000,AS45232,157.119.231.0/24,116
20201019,0200,AS45232,157.119.231.0/24,116
20201019,0800,AS45232,157.119.231.0/24,116
20201019,1400,AS45232,157.119.231.0/24,116
20201019,2000,AS45232,157.119.231.0/24,116
20201020,0200,AS45232,157.119.231.0/24,116
20201020,0800,AS45232,157.119.231.0/24,113
20201020,1400,AS45232,157.119.231.0/24,116
20201020,2000,AS45232,157.119.231.0/24,116
20201021,0200,AS45232,157.119.231.0/24,115
20201021,0800,AS45232,157.119.231.0/24,116
20201021,1400,AS45232,157.119.231.0/24,115
20201021,2000,AS45232,157.119.231.0/24,116
20201022,0200,AS45232,157.119.231.0/24,116
20201022,0800,AS45232,157.119.231.0/24,116
20201022,1400,AS45232,157.119.231.0/24,118
20201022,2000,AS45232,157.119.231.0/24,118
20201023,0200,AS45232,157.119.231.0/24,118
20201023,0800,AS45232,157.119.231.0/24,118
20201023,1400,AS45232,157.119.231.0/24,118
20201023,2000,AS45232,157.119.231.0/24,123
20201024,0200,AS45232,157.119.231.0/24,123
20201024,0800,AS45232,157.119.231.0/24,123
20201024,1400,AS45232,157.119.231.0/24,123
20201024,2000,AS45232,157.119.231.0/24,123
20201025,0200,AS45232,157.119.231.0/24,123
20201025,0800,AS45232,157.119.231.0/24,123
20201025,1400,AS45232,157.119.231.0/24,123
20201025,2000,AS45232,157.119.231.0/24,123
20201026,0200,AS45232,157.119.231.0/24,124
20201026,0800,AS45232,157.119.231.0/24,124
20201026,1400,AS45232,157.119.231.0/24,124
20201026,2000,AS45232,157.119.231.0/24,124
20201027,0200,AS45232,157.119.231.0/24,124
20201027,0800,AS45232,157.119.231.0/24,123
20201027,1400,AS45232,157.119.231.0/24,122
20201027,2000,AS45232,157.119.231.0/24,123
20201028,0200,AS45232,157.119.231.0/24,123
20201028,0800,AS45232,157.119.231.0/24,123
20201028,1400,AS45232,157.119.231.0/24,122
20201028,2000,AS45232,157.119.231.0/24,123
20201029,0200,AS45232,157.119.231.0/24,123
20201029,0800,AS45232,157.119.231.0/24,123
20201029,1400,AS45232,157.119.231.0/24,123
20201029,2000,AS45232,157.119.231.0/24,123
20201030,0200,AS45232,157.119.231.0/24,123
20201030,0800,AS45232,157.119.231.0/24,123
20201030,1400,AS45232,157.119.231.0/24,123
20201030,2000,AS45232,157.119.231.0/24,123
0,0,0,0,0
